103
18,67
88,34
38,94
84,51
16,31
25,7
90,71
33,79
3,70
32,38
44,4
35,70
23,94
44,11
83,22
81,88
91,25
4,40
4,92
34,15
62,13
69,72
18,88
94,81
37,98
40,97
2,91
20,44
42,4
28,3
35,38
23,19
58,2
11,6
17,34
27,94
46,53
17,6
48,99
40,17
8,18
30,82
87,74
51,22
36,84
95,18
23,6
95,36
84,30
48,82
70,52
93,12
20,92
15,24
8,40
4,4
77,68
71,15
9,30
88,26
97,19
91,75
38,54
63,28
81,98
29,10
6,15
30,27
44,29
68,82
29,27
66,14
99,92
68,12
51,48
82,19
91,2
62,73
34,10
13,4
57,0
34,20
85,83
35,17
73,90
18,28
79,22
41,15
48,28
89,14
77,92
73,30
36,60
17,96
11,70
88,74
73,71
38,37
2,80
30,89
24,7
20,58
32,84
42,4
37,79
11,36
75,51
45,10
19,76
30,69
2,93
25,28
87,89
71,53
6,59
88,48
90,65
66,28
54,68
51,53
86,49
39,87
65,42
56,30
43,13
7,23
82,56
59,14
87,74
97,75
73,74
64,79
49,51
18,79
58,66
29,61
87,42
37,46
48,88
79,78
62,15
3,74
56,34
20,31
18,79
43,36
2,10
39,24
92,77
47,80
55,21
52,62
13,30
51,28
19,7
25,90
82,97
47,71
36,31
8,83
11,68
67,84
59,0
5,64
99,46
39,30
25,87
17,2
31,80
22,83
44,68
26,88
86,3
32,59
67,27
0,50
3,61
4,66
2,56
19,92
87,65
44,25
57,29
12,5
95,61
45,93
75,99
52,94
97,29
27,28
20,21
54,10
20,86
42,72
51,97
15,27
0,79
4,74
10,16
56,53
6,22
55,39
52,39
57,15
5,30
35,49
65,27
69,46
68,53
88,16
83,71
73,8
83,29
22,81
29,77
90,25
4,72
6,39
19,36
43,32
30,56
73,35
53,90
1,32
88,24
9,29
86,76
26,69
28,36
37,51
45,9
96,54
83,19
30,95
70,9
36,81
85,18
11,71
83,1
84,89
1,51
65,50
20,6
9,2
26,4
94,95
81,38
88,88
58,85
2,57
56,81
79,82
20,23
12,65
97,75
37,39
88,99
57,70
43,36
71,3
94,75
35,95
77,80
91,98
53,9
91,12
22,33
4,43
26,75
0,12
53,48
17,89
17,63
10,70
26,64
65,89
13,60
46,36
79,44
36,30
82,18
54,81
72,99
99,24
31,87
0,33
36,60
5,85
4,41
35,50
66,49
60,28
43,16
14,55
4,95
25,43
58,35
0,42
90,73
61,51
42,89
42,94
26,6
46,78
13,30
83,95
62,94
76,28
69,8
34,0
10,67
69,21
62,98
64,5
98,52
6,18
97,8
3,23
0,1
11,97
64,18
22,21
6,31
48,67
75,93
79,81
27,80
62,65
34,22
72,16
87,66
47,26
44,27
86,6
36,94
17,28
48,96
83,47
58,22
93,21
77,34
8,91
61,87
20,61
78,30
72,60
24,18
86,51
41,62
53,21
92,64
0,89
34,33
72,55
22,77
89,70
9,57
31,35
65,56
90,53
0,31
47,69
67,77
56,69
53,41
22,94
95,54
5,98
95,12
28,60
29,29
16,88
30,4
52,35
8,30
3,24
18,51
98,53
25,35
38,9
67,4
82,58
91,95
40,8
99,37
31,1
83,26
90,17
43,17
12,60
70,80
5,25
29,35
34,51
17,69
56,41
36,39
73,90
12,34
5,76
63,89
18,32
51,74
61,91
7,27
80,62
82,1
63,82
98,4
92,78
65,77
64,17
76,15
25,97
1,67
72,51
58,24
3,16
59,10
84,28
69,86
77,5
13,11
53,98
27,42
89,85
97,75
13,3
81,47
46,17
90,86
43,74
10,81
58,86
11,45
0,64
7,34
46,48
65,93
57,1
3,79
70,22
32,97
34,5
18,67
51,97
91,8
40,57
17,59
8,55
14,86
89,20
58,4
76,53
1,92
28,78
76,37
49,41
81,45
4,26
7,43
69,22
52,2
31,52
48,38
0,35
62,39
89,93
12,33
75,65
48,72
57,52
31,53
19,54
10,8
78,72
81,70
49,20
72,96
21,84
41,12
63,57
57,74
4,51
68,47
39,44
32,79
75,73
72,97
85,48
63,90
36,36
45,62
92,60
63,81
46,66
67,62
71,88
84,76
82,58
8,53
75,73
17,74
66,56
74,93
19,87
0,36
12,66
17,86
94,55
12,99
63,35
16,38
97,81
88,3
74,43
3,99
6,35
44,86
16,97
56,14
6,32
15,26
95,35
0,96
46,91
17,67
96,80
84,16
86,99
29,55
84,69
49,45
2,73
93,6
91,14
93,40
64,60
78,92
81,85
14,64
88,18
27,37
87,66
40,37
92,58
13,46
17,97
54,88
51,89
68,62
49,15
89,30
71,79
50,76
28,60
70,31
3,60
81,92
86,85
31,12
19,82
35,86
62,23
30,70
13,86
0,47
68,25
98,75
87,5
97,48
52,38
82,27
58,29
67,14
31,67
89,21
15,92
6,0
6,71
4,40
3,59
77,19
53,95
9,66
89,5
38,81
80,7
76,40
36,29
24,79
7,28
55,52
70,26
27,54
59,30
38,84
84,75
20,5
37,62
3,4
30,91
72,52
44,55
11,89
51,20
56,88
10,64
34,27
87,58
18,92
21,46
20,90
17,24
54,5
48,15
49,90
25,43
82,64
89,39
25,58
82,43
0,83
40,24
91,60
71,88
12,77
83,13
14,61
15,19
64,24
37,98
96,51
13,74
95,58
11,64
23,75
5,81
53,69
82,25
26,53
20,30
80,15
27,47
68,81
55,90
19,36
44,6
34,24
26,15
13,52
72,36
8,51
15,10
55,5
33,10
90,30
68,45
83,96
9,58
62,31
10,53
62,38
65,18
17,73
83,20
79,84
94,92
57,37
16,78
38,64
71,63
89,15
69,38
49,52
50,38
70,49
35,32
70,65
30,2
40,10
31,63
14,55
7,59
94,70
20,41
98,89
25,46
59,22
98,32
1,46
50,19
21,90
70,16
68,16
43,98
6,36
63,25
94,23
80,71
66,88
20,52
0,81
21,85
80,1
5,58
6,89
44,42
11,51
12,59
65,57
73,52
78,58
28,86
48,28
96,32
61,93
77,20
61,78
48,21
74,86
6,48
69,4
64,5
75,54
43,20
15,85
98,44
53,40
68,2
78,20
87,81
45,2
5,36
71,36
58,52
82,19
48,74
89,62
39,3
70,6
38,9
69,78
37,69
35,53
26,86
71,67
67,94
85,52
59,11
28,13
37,17
24,41
4,47
22,79
76,68
60,47
78,36
81,9
5,54
84,84
17,12
50,7
16,44
11,62
42,97
55,1
97,19
91,17
67,1
3,22
47,31
71,46
9,19
53,99
35,24
28,3
4,56
20,49
28,0
15,46
39,7
10,28
9,81
21,24
45,22
7,42
39,2
34,2
33,86
28,11
31,26
86,76
21,18
16,25
93,56
41,65
92,62
33,61
42,84
61,93
68,96
85,90
54,66
24,42
75,91
42,30
86,2
94,22
37,98
67,71
54,90
19,35
95,18
45,17
92,21
70,47
51,31
97,4
22,93
86,61
3,98
82,66
92,19
78,56
61,73
16,6
24,67
4,39
2,22
89,96
18,8
92,5
82,24
4,94
20,46
18,64
12,68
68,47
9,77
51,85
57,53
24,3
68,29
33,33
64,4
18,23
42,54
45,83
0,28
15,63
80,48
62,77
47,79
31,74
53,17
21,87
90,75
71,45
66,77
50,14
91,18
90,20
81,88
48,83
59,14
64,26
57,0
76,41
99,78
30,28
32,79
56,94
98,99
67,48
81,69
12,50
3,50
39,99
54,81
29,75
87,13
93,26
7,36
30,95
60,85
51,41
9,27
68,38
68,7
40,34
82,40
85,77
94,51
75,61
94,92
55,86
82,19
35,92
6,18
67,57
28,28
19,4
73,61
64,24
34,91
89,38
59,46
28,35
23,15
60,35
76,38
47,47
22,23
47,85
10,34
58,84
74,68
11,76
42,30
43,34
0,47
18,14
76,75
85,56
94,77
43,8
65,16
32,98
38,84
76,70
50,68
15,50
54,10
34,45
83,1
36,68
36,16
59,18
99,20
35,90
97,35
55,34
61,34
72,93
7,73
47,68
44,16
47,38
13,65
3,10
37,48
24,95
57,82
71,79
23,24
86,18
5,64
18,74
9,68
94,2
76,29
87,44
48,84
90,38
83,74
26,85
49,47
62,79
10,65
90,10
54,20
55,44
75,44
22,8
9,99
39,90
33,31
24,17
40,3
28,88
1,30
83,47
68,16
8,37
28,99
83,51
65,56
25,44
60,65
40,83
76,19
55,26
57,23
69,37
80,15
59,60
87,47
26,74
54,87
52,58
25,14
15,88
84,31
90,63
16,34
50,15
84,31
8,58
76,1
96,48
96,58
81,14
25,14
12,31
25,70
36,37
87,60
0,26
11,72
77,68
7,29
50,38
38,16
38,55
35,77
52,50
18,12
65,60
40,62
96,51
7,99
60,7
69,97
57,48
88,78
85,76
77,75
83,9
67,5
15,38
77,17
26,29
98,31
47,19
7,45
96,84
0,9
44,12
71,60
58,81
4,26
64,46
69,14
32,0
83,54
75,16
3,19
16,37
72,41
57,30
32,95
16,70
97,57
46,41
4,2
5,81
63,25
73,92
49,6
33,23
71,75
54,13
86,75
81,40
70,11
69,72
0,9
98,77
22,23
6,26
35,86
15,94
54,0
60,78
8,64
80,93
89,97
45,85
71,45
84,33
87,52
26,31
93,34
56,41
80,67
79,75
26,68
35,83
53,34
75,56
97,50
32,70
96,59
61,23
93,27
48,71
64,37
10,40
81,92
65,91
20,86
29,38
66,3
2,29
2,88
37,16
40,42
64,9
93,14
25,72
58,2
85,82
75,0
91,38
73,47
6,60
67,27
15,28
25,63
32,1
60,66
62,97
47,1
63,83
49,37
93,47
69,21
39,38
1,57
31,73
3,50
74,38
30,20
98,27
12,43
34,6
27,85
12,82
31,50
56,18
49,60
69,84
45,64
92,95
21,46
67,54
33,63
28,95
83,73
42,31
7,22
44,77
17,93
40,95
12,5
96,9
7,31
25,38
72,40
32,24
26,31
33,69
40,70
16,0
36,81
53,7
94,91
26,83
86,39
28,81
20,86
91,90
96,52
71,13
81,7
31,95
60,11
76,30
91,48
55,42
99,6
10,53
97,46
33,63
49,46
90,16
25,72
97,89
78,49
55,6
67,34
68,12
24,11
42,38
95,78
55,84
41,40
42,52
76,33
73,28
85,32
19,8
94,66
18,70
68,48
54,64
13,99
98,58
59,70
20,40
74,19
77,79
72,49
5,48
61,67
25,82
27,89
15,69
43,89
90,99
27,87
33,75
89,46
29,5
73,91
9,36
57,18
28,45
37,12
84,96
80,3
58,18
86,88
3,6
85,22
16,57
78,2
91,93
45,50
68,99
16,36
44,24
94,74
75,84
63,67
30,43
29,60
60,65
19,98
77,48
32,34
25,72
40,58
39,45
54,59
17,27
35,66
67,46
10,56
85,12
12,32
77,41
48,55
49,11
45,6
37,56
2,89
51,87
63,40
11,65
43,48
29,44
22,69
97,44
79,7
20,40
62,11
68,43
81,67
84,80
85,38
81,94
4,60
1,95
84,76
73,50
88,58
62,67
64,21
47,7
52,4
81,67
74,57
2,16
44,20
4,21
86,69
0,57
76,14
34,43
21,43
74,76
17,99
60,27
86,98
97,19
84,22
27,22
80,77
31,98
10,41
36,72
25,97
2,18
89,64
64,15
34,89
13,75
53,88
12,2
41,81
57,6
39,36
48,99
24,23
29,75
24,67
84,38
56,48
66,17
4,65
88,57
28,88
56,43
74,15
14,34
73,50
81,32
20,65
17,38
99,44
53,38
36,51
2,70
17,50
35,14
66,5
73,53
25,73
38,38
9,92
12,10
38,47
63,66
8,51
31,97
78,37
41,6
36,58
64,64
94,70
53,76
86,39
20,41
25,87
47,65
94,85
88,56
83,76
7,28
84,94
81,80
21,13
41,71
49,45
35,71
15,73
25,42
80,10
46,5
69,39
99,90
84,40
40,37
81,16
34,68
24,22
26,22
82,19
54,93
7,13
73,64
57,26
29,7
23,4
70,70
99,80
70,18
73,76
9,74
54,30
57,20
80,30
24,45
62,11
31,32
86,57
54,92
21,77
74,81
2,51
91,43
89,61
64,29
4,22
8,69
42,93
39,1
64,37
53,67
98,81
2,76
34,72
84,51
10,87
58,68
67,98
50,69
90,55
18,54
79,77
43,13
40,39
11,0
76,86
11,69
56,92
46,27
79,68
54,34
56,22
68,62
50,72
8,70
90,5
2,24
71,39
14,74
11,58
62,79
2,29
83,7
38,84
51,19
60,94
43,44
32,24
34,50
67,71
53,41
73,99
80,7
81,7
67,73
12,60
13,94
95,70
51,21
31,87
68,13
59,85
7,16
46,52
12,31
13,33
48,32
3,67
70,34
0,21
32,23
63,80
42,32
35,60
51,85
60,39
11,0
19,13
63,80
31,3
47,29
33,90
38,71
85,22
7,75
39,97
25,95
21,54
27,65
79,91
65,90
4,18
44,88
54,74
12,28
7,34
10,74
13,92
20,50
47,94
72,3
37,41
7,80
25,94
67,66
36,0
15,91
33,26
61,81
54,77
43,86
12,11
61,44
12,97
3,81
35,94
61,36
91,71
17,73
37,68
26,41
3,82
55,41
24,75
35,1
69,11
89,25
51,91
1,13
15,15
72,50
42,95
3,41
90,64
96,91
36,59
74,17
83,5
48,48
8,59
15,71
8,52
61,44
70,89
71,30
47,7
43,45
16,65
49,30
95,88
78,10
3,59
37,56
34,7
38,28
56,91
59,67
0,65
85,77
82,1
53,16
64,6
20,59
58,1
25,45
6,38
23,30
80,39
66,33
49,52
3,19
47,4
87,42
67,62
32,87
62,80
38,69
0,20
26,47
15,97
33,74
51,52
81,64
52,68
19,30
64,6
36,65
93,39
36,73
81,57
87,85
52,44
2,31
28,15
50,82
14,29
25,18
11,2
54,26
13,36
62,11
16,84
70,21
2,44
75,81
89,79
2,39
10,67
78,48
73,95
19,32
18,37
73,48
29,47
9,28
78,92
87,34
10,19
7,59
53,89
72,74
4,50
34,15
73,9
74,94
91,16
69,32
77,48
41,14
64,80
71,63
29,42
52,99
85,52
2,99
54,28
49,34
58,64
80,57
60,74
12,58
22,77
9,59
78,66
54,0
42,54
81,83
84,67
80,3
31,8
21,55
83,52
28,57
91,7
65,54
42,54
56,88
74,35
62,30
91,95
59,95
75,25
75,46
52,71
88,8
85,74
70,90
18,84
4,27
55,90
30,42
52,49
39,99
72,7
72,11
67,34
74,59
72,25
90,32
3,26
40,8
30,28
31,76
26,20
52,87
65,48
63,97
8,57
11,87
73,68
96,58
36,97
34,0
2,43
58,72
58,78
66,45
6,91
1,95
75,57
89,58
12,81
68,29
37,29
84,66
17,53
4,9
93,71
12,84
5,78
93,9
23,6
93,4
82,47
29,78
61,64
75,41
51,66
64,14
97,41
22,99
98,73
3,58
75,31
40,23
51,31
36,15
19,89
76,55
16,42
80,42
56,65
87,27
61,6
19,42
64,24
39,60
93,12
45,5
31,4
66,64
15,28
8,26
20,24
87,59
53,44
93,78
41,78
4,53
64,44
18,21
83,86
80,18
16,90
23,21
36,92
61,10
30,85
90,86
45,19
37,99
18,39
78,24
70,34
80,56
89,93
84,9
75,30
35,58
80,6
72,93
60,29
27,78
25,3
69,35
9,77
3,29
27,45
71,80
87,32
83,50
47,11
51,88
68,76
74,12
60,2
57,53
3,94
93,73
85,99
61,78
87,51
49,65
4,46
58,53
92,20
83,87
94,0
67,59
25,33
5,5
94,66
18,33
25,71
69,86
32,9
25,11
46,41
65,53
57,17
80,30
24,13
66,60
20,99
54,3
52,30
89,45
12,23
55,87
94,93
91,63
58,90
96,28
68,24
98,7
2,42
76,75
39,84
5,56
2,42
63,70
88,63
46,25
90,99
22,59
91,68
71,38
46,97
71,72
47,94
37,91
0,27
31,20
9,15
70,74
38,73
72,69
49,79
1,55
84,17
57,43
18,17
48,18
97,63
11,77
84,90
91,28
89,2
51,6
86,86
1,65
19,55
93,42
45,93
32,58
37,46
16,65
7,8
76,39
73,65
41,41
23,41
82,21
36,93
54,9
67,22
48,83
22,65
33,79
92,80
56,26
51,15
15,92
79,57
61,76
26,12
20,26
6,28
41,18
29,5
69,3
7,99
43,70
36,72
80,13
3,71
95,21
80,52
43,12
21,35
28,66
89,69
31,66
22,68
78,51
80,72
84,74
4,16
62,71
86,78
56,20
20,96
49,42
54,44
27,48
79,9
47,83
53,97
18,43
29,83
96,41
86,86
91,69
58,87
52,89
72,47
79,46
60,7
95,21
61,29
52,39
65,67
26,11
37,41
65,39
62,82
80,86
84,90
65,25
55,20
79,24
74,46
84,37
24,23
41,26
13,81
3,65
79,93
78,66
8,87
48,56
63,9
55,62
72,95
43,40
64,83
35,99
72,36
70,27
18,32
32,75
99,65
51,78
29,59
90,32
35,64
5,62
39,30
84,91
25,47
44,80
81,25
27,51
97,89
41,12
2,27
64,53
72,30
23,33
63,91
43,51
62,82
87,24
37,12
74,65
17,82
92,1
35,73
94,52
35,77
85,73
93,37
24,80
42,80
27,16
13,96
7,37
87,28
15,57
70,8
95,84
94,94
27,7
71,17
86,78
53,66
68,70
27,40
35,45
28,51
49,61
92,62
40,16
81,19
98,43
68,91
14,62
40,7
10,90
64,73
48,99
26,90
85,76
97,12
89,94
26,93
36,3
81,16
2,34
7,96
48,15
14,38
81,15
4,82
53,18
42,93
35,62
30,93
42,68
66,25
93,85
65,43
80,81
62,66
17,20
65,36
56,30
37,40
29,33
22,47
93,75
55,22
62,68
9,35
14,76
65,50
92,20
88,77
25,5
19,42
87,45
25,37
92,56
35,38
11,54
90,51
88,16
72,61
74,49
44,82
26,55
33,46
5,93
12,0
53,50
0,7
9,69
4,17
90,44
1,56
89,79
46,87
0,89
62,0
38,84
24,4
87,7
20,80
88,90
83,23
58,73
10,29
76,16
26,39
19,98
8,78
4,38
39,0
16,51
73,30
6,48
0,6
31,46
96,88
64,16
71,51
64,36
31,13
24,43
85,16
73,19
44,98
81,81
34,19
74,10
19,11
69,90
76,56
23,49
8,24
81,18
79,29
48,7
16,48
91,65
42,64
86,45
83,15
93,86
51,58
61,96
66,60
68,89
36,25
44,54
28,75
12,94
30,23
55,77
12,53
59,93
48,99
79,52
31,49
52,25
78,7
42,11
31,67
64,87
95,19
5,15
71,31
92,62
49,20
49,86
76,64
76,88
76,10
72,83
66,50
94,9
28,79
46,54
16,48
15,31
43,87
50,58
48,52
7,7
50,85
75,24
9,83
36,60
60,84
34,95
24,11
18,95
77,13
10,38
32,14
11,91
53,94
72,64
35,7
31,3
36,55
32,97
59,29
4,82
28,86
54,35
26,62
45,47
82,32
73,97
48,33
41,1
25,17
83,46
58,87
23,55
70,55
82,43
0,42
11,52
6,95
15,92
64,94
39,70
24,58
72,84
26,26
34,24
12,82
52,4
53,17
32,55
49,75
12,2
50,96
5,20
6,76
81,6
83,73
52,79
6,14
98,58
85,86
39,60
71,53
83,98
69,0
23,23
75,50
26,36
27,25
20,58
65,10
11,76
44,60
72,31
57,9
25,43
87,42
42,74
50,13
1,42
96,33
61,70
57,95
12,66
74,55
36,6
38,54
51,19
88,79
53,56
31,39
50,60
73,70
30,95
61,35
5,0
4,31
25,15
39,72
95,91
7,9
60,87
37,97
61,46
44,54
70,23
26,59
2,77
21,41
34,17
64,40
20,92
13,90
98,5
82,18
14,97
71,87
97,57
28,7
38,88
20,44
66,19
13,75
52,8
9,53
51,14
92,88
99,2
61,84
79,41
63,56
80,56
7,29
21,69
94,81
62,94
85,47
9,77
96,8
90,81
74,65
72,1
83,71
11,98
44,62
63,43
87,16
99,42
0,40
87,0
19,4
96,43
84,91
9,69
72,13
80,43
83,35
89,42
91,75
32,43
3,27
70,26
2,53
98,95
33,96
3,99
41,91
57,20
34,10
65,17
20,26
7,57
72,12
84,56
86,95
86,93
8,15
49,72
2,29
56,96
90,83
40,26
62,19
12,87
66,96
92,40
54,37
26,83
84,10
59,11
57,45
97,51
73,62
47,77
52,64
99,39
87,15
63,97
97,76
84,48
74,28
91,89
4,78
93,13
70,46
80,94
6,68
36,41
66,41
47,86
9,55
64,12
66,5
62,1
71,57
68,9
79,38
39,8
62,43
6,95
26,3
37,19
81,63
24,20
18,8
32,84
95,79
40,74
72,3
62,12
65,3
53,54
63,67
59,56
68,73
40,18
17,53
16,11
18,35
39,85
67,70
36,16
24,9
18,43
99,13
50,15
85,11
54,22
33,64
14,58
29,79
60,32
71,31
35,92
85,50
87,20
15,89
79,43
20,44
58,55
45,36
81,93
21,75
68,59
72,48
88,85
34,74
22,22
97,53
51,65
62,5
76,22
58,98
6,6
8,65
55,97
9,2
44,53
53,26
54,91
47,36
90,11
47,32
98,57
20,20
26,92
38,44
64,19
27,72
19,67
98,11
44,8
28,72
95,47
81,16
87,1
7,14
38,52
67,38
98,21
95,0
86,29
71,83
79,27
66,43
13,31
6,29
22,88
43,27
0,59
53,61
86,83
88,46
42,0
93,94
79,27
77,65
16,87
20,9
51,76
72,12
16,12
17,64
52,75
13,39
76,48
48,68
48,23
67,23
28,85
36,32
43,47
15,18
7,74
26,77
57,35
20,26
35,50
68,86
45,53
84,23
21,50
25,56
2,68
36,90
39,45
76,43
75,4
61,43
29,34
91,53
4,85
79,31
64,45
1,25
14,59
59,69
58,16
9,44
74,79
67,83
62,80
4,65
47,81
52,18
46,44
80,69
47,47
53,93
36,18
89,93
66,75
79,46
1,73
37,26
54,95
58,93
91,66
70,7
98,33
78,98
18,66
20,32
28,61
43,75
98,1
1,53
20,7
20,97
32,87
66,5
85,73
1,61
61,72
70,35
8,69
54,40
59,45
15,53
15,88
59,82
95,55
89,35
68,45
7,75
64,1
79,14
45,29
1,30
46,63
43,84
32,19
25,59
71,64
12,61
94,43
30,29
58,27
97,49
4,59
69,63
83,20
48,92
51,7
33,60
83,0
22,40
76,59
75,19
89,64
87,83
57,22
74,12
7,19
41,87
28,90
42,63
71,51
31,82
7,81
20,61
41,33
19,48
45,16
18,39
47,82
5,91
9,59
82,90
11,40
79,41
66,44
41,63
11,63
63,33
97,85
51,60
41,30
71,9
71,67
7,57
28,31
69,21
5,11
37,63
68,64
20,18
94,21
95,68
25,9
3,85
50,73
58,30
38,62
6,41
35,98
47,29
61,3
27,64
73,3
41,46
89,71
46,22
67,89
98,75
86,41
19,33
87,95
70,30
46,29
75,27
44,26
99,67
95,6
19,34
2,27
67,33
39,36
48,63
30,20
37,70
93,56
35,88
79,97
24,48
15,89
17,42
11,92
16,75
63,3
96,14
96,51
92,31
76,0
49,74
96,69
74,76
21,77
0,83
64,69
14,81
8,74
36,91
30,75
45,62
12,23
86,79
69,65
78,88
16,28
55,99
78,59
44,15
94,84
54,9
8,5
41,35
10,90
10,66
46,93
58,61
49,39
19,9
59,86
60,79
84,82
71,67
67,97
90,16
5,57
76,52
73,80
64,51
93,0
6,75
26,99
77,16
79,85
69,30
46,81
88,16
93,79
90,25
18,51
35,50
97,27
3,18
60,53
53,15
93,37
66,12
51,32
93,47
87,70
81,59
58,40
39,88
21,24
48,84
11,21
60,21
9,55
71,96
28,37
55,98
32,8
1,38
38,30
43,23
81,57
43,57
31,90
0,79
27,92
4,70
39,47
71,3
55,76
89,97
99,58
0,92
5,96
16,86
45,50
65,92
75,53
75,12
65,14
92,25
10,75
86,56
5,76
20,60
83,17
13,23
38,7
67,43
75,6
28,30
20,74
80,32
9,35
64,0
77,68
49,91
55,37
64,90
9,23
63,96
72,80
53,3
58,80
26,27
55,14
3,76
26,49
77,58
56,83
64,99
87,98
72,99
44,92
22,6
40,54
36,92
28,65
89,42
89,60
69,85
68,87
13,69
3,86
10,30
44,75
81,27
96,53
72,35
55,11
30,0
4,3
58,68
39,7
26,11
3,4
78,90
98,28
90,91
36,80
54,22
78,1
86,75
22,83
52,27
4,75
53,79
42,83
77,46
24,52
90,99
82,91
62,75
30,22
44,23
66,95
33,63
49,26
31,5
0,91
85,49
53,42
72,21
45,22
94,4
87,88
44,33
99,98
30,78
66,49
3,72
81,44
59,19
11,35
53,43
35,76
42,92
24,8
61,59
91,42
89,87
7,82
26,8
70,59
77,55
33,27
62,10
37,47
80,50
61,14
9,69
61,91
6,58
2,23
63,80
52,15
66,52
70,12
73,11
23,68
51,0
89,55
51,13
97,24
62,41
87,95
56,97
95,22
37,97
47,8
59,82
6,93
46,13
67,80
22,29
51,25
82,69
19,16
78,48
44,42
62,68
53,48
5,42
81,15
20,68
97,78
91,64
82,28
84,64
71,22
74,16
74,76
96,11
75,42
57,34
18,9
58,0
88,6
51,10
58,96
22,13
35,70
13,37
98,27
43,63
65,74
28,67
38,29
6,6
58,36
96,74
76,73
63,54
54,12
94,9
65,24
17,3
61,51
80,96
16,19
66,87
6,13
64,72
55,76
58,92
15,57
67,4
10,78
74,43
86,94
14,90
7,62
0,33
74,17
89,58
44,33
70,85
8,66
11,82
24,0
29,73
12,94
86,66
47,31
7,19
46,67
59,0
5,97
16,1
55,28
5,89
63,41
53,71
66,92
6,72
59,30
69,28
92,28
13,47
94,40
87,27
21,87
48,46
63,87
55,23
19,59
48,76
56,50
75,98
75,21
80,6
83,37
2,86
62,77
62,12
5,68
54,8
31,60
26,38
20,26
71,14
81,95
35,37
80,44
35,49
73,98
33,12
74,45
90,38
36,96
82,51
38,60
48,18
5,32
98,41
26,71
75,81
95,8
51,78
28,23
82,70
55,46
82,72
57,98
58,5
94,10
74,97
43,86
49,91
50,2
6,50
21,51
45,99
46,90
23,20
42,97
7,86
23,29
25,85
85,83
56,28
44,58
66,20
32,52
80,52
90,67
30,16
30,56
81,85
10,14
64,27
20,63
22,45
55,25
81,29
12,42
25,91
7,68
37,56
67,14
25,32
6,13
54,96
19,50
29,6
2,53
16,17
66,59
7,77
13,11
39,90
66,8
39,15
0,67
67,93
24,6
90,0
98,20
29,52
0,87
96,77
0,14
28,92
53,21
70,87
69,5
92,41
26,15
31,24
18,52
66,17
94,82
87,69
21,23
5,56
52,23
9,54
8,56
10,10
55,62
53,63
52,38
70,19
56,75
24,11
11,11
51,51
67,23
20,70
10,48
97,52
95,81
85,91
11,85
25,56
5,80
96,70
62,47
81,28
61,16
84,60
33,82
13,25
82,26
70,20
96,99
51,7
13,22
76,61
83,8
8,41
65,97
28,81
71,70
21,49
92,13
44,88
86,39
29,25
88,84
5,65
75,69
8,85
15,68
86,51
4,59
13,25
22,55
36,60
22,87
19,42
51,95
62,27
93,49
58,99
51,42
72,64
44,21
52,15
12,66
31,34
60,92
58,67
9,0
64,30
14,99
79,13
96,58
44,92
14,67
60,24
31,46
99,68
4,44
58,8
52,20
15,77
22,32
74,5
51,89
83,39
81,37
79,37
26,47
74,86
99,98
30,45
5,22
99,43
76,78
95,10
10,24
70,71
59,72
79,34
93,27
33,66
87,65
40,20
34,57
81,23
5,52
55,96
15,26
83,19
51,67
56,92
14,35
86,5
33,13
86,66
58,28
26,36
92,47
68,10
4,87
36,62
98,45
14,42
30,17
10,42
32,53
47,42
69,81
85,21
69,5
11,1
90,53
56,17
16,43
41,72
41,83
17,89
79,61
32,5
89,80
52,49
44,5
3,58
78,51
50,77
56,20
51,34
59,44
22,1
88,9
31,37
68,85
68,63
9,13
26,17
26,28
24,63
31,48
98,90
3,63
63,95
61,78
38,12
36,4
1,26
35,5
59,11
82,99
65,34
7,62
24,53
88,32
70,67
36,40
53,40
82,33
38,99
42,36
76,35
2,26
73,94
58,60
32,23
75,69
15,88
79,64
40,8
87,51
38,54
97,20
91,58
33,59
0,40
98,38
23,88
30,88
32,77
13,43
50,77
46,63
92,89
39,41
75,0
1,76
2,28
65,74
91,58
6,56
25,49
31,76
27,29
90,0
43,30
68,10
40,74
66,95
29,22
10,55
32,70
45,48
73,56
32,70
74,13
96,68
36,47
33,85
28,85
1,8
21,56
46,2
23,43
8,18
84,75
51,99
53,16
46,77
15,59
95,15
3,76
17,67
76,38
65,65
74,83
35,50
26,10
71,96
8,81
51,11
22,69
3,4
18,3
58,26
93,97
93,42
56,84
24,52
77,15
24,20
80,33
22,55
56,89
37,5
60,20
76,75
76,35
39,5
40,74
74,54
62,70
0,24
75,63
66,27
83,37
37,93
88,0
61,8
44,50
14,71
62,85
63,30
14,42
14,37
76,80
20,29
8,90
70,11
45,20
5,45
68,90
51,55
26,89
41,9
0,9
17,49
19,10
47,79
6,86
8,82
60,57
29,59
21,5
92,5
65,87
31,77
11,26
81,63
41,89
39,12
88,55
6,16
69,34
62,28
59,25
71,32
16,74
84,94
33,28
78,64
58,23
60,21
89,4
68,69
70,74
14,86
20,14
80,95
88,40
66,79
36,28
94,40
1,88
64,93
94,81
39,51
45,50
37,90
27,36
40,30
93,67
48,46
65,59
93,4
85,26
39,94
64,11
87,46
18,94
31,35
16,58
37,19
70,11
93,9
6,24
61,5
13,70
49,52
57,54
14,44
9,62
60,89
82,56
76,56
82,13
56,45
18,4
37,34
46,80
6,66
36,52
84,86
31,2
20,47
84,50
54,81
58,16
74,26
41,72
32,49
31,59
95,3
90,60
85,59
43,79
34,67
27,22
82,23
51,90
8,44
1,28
51,10
90,31
9,50
97,66
75,18
64,65
18,50
94,25
82,66
49,46
42,0
50,56
64,70
79,48
79,47
18,17
11,88
77,53
64,68
40,70
23,84
46,90
24,34
24,83
84,16
44,76
71,33
52,81
74,42
57,53
53,64
40,20
15,22
93,90
62,25
46,4
7,26
2,80
58,9
1,97
41,17
23,32
4,54
31,9
42,75
51,83
35,75
35,47
55,92
96,66
62,35
63,21
39,68
55,9
40,76
36,47
65,16
34,54
15,58
68,70
40,0
75,97
84,54
65,99
17,68
30,17
95,70
77,55
97,67
78,80
82,20
91,62
58,12
1,84
91,64
46,46
83,77
24,30
55,35
90,57
35,38
74,62
21,64
15,52
11,36
98,38
52,68
73,67
4,22
91,37
28,23
36,91
79,4
92,72
32,63
83,48
95,94
95,19
64,50
50,61
18,37
61,99
70,7
52,11
56,46
57,39
2,6
96,30
25,49
41,93
63,13
75,10
68,24
50,14
33,12
22,84
60,50
30,31
97,14
11,52
62,37
44,87
57,42
90,83
69,0
55,30
31,7
7,93
33,83
78,49
98,82
68,74
71,9
32,75
47,23
39,17
79,65
43,85
63,98
15,71
48,50
79,62
90,68
42,66
77,61
25,58
91,50
64,52
69,68
47,46
73,75
97,32
26,32
89,14
82,60
10,32
4,91
10,24
3,10
33,58
13,82
54,38
49,98
16,84
32,86
9,22
39,54
9,76
75,31
66,32
41,7
13,28
31,17
6,94
52,45
57,9
75,78
58,63
34,55
45,6
90,48
44,78
77,70
82,76
52,83
37,12
21,44
3,55
10,18
73,87
66,42
51,97
59,7
55,24
8,98
26,24
99,3
6,10
29,65
39,95
19,60
16,53
96,12
32,91
38,80
94,93
59,7
84,70
6,16
53,89
12,1
59,46
26,97
2,60
41,17
42,17
25,95
4,3
4,28
93,50
59,97
69,0
33,12
75,93
90,84
51,43
27,86
81,12
82,33
54,43
53,27
54,35
64,83
69,11
68,95
32,18
17,34
38,68
82,57
66,47
50,9
49,76
21,9
30,72
25,61
86,95
67,74
24,83
91,77
52,34
55,93
36,74
74,32
28,85
56,85
78,47
4,24
37,38
5,79
0,93
49,83
76,13
81,63
37,0
78,23
63,67
18,93
89,12
61,27
34,76
22,51
50,90
77,20
42,35
72,67
54,95
12,7
76,9
11,71
18,3
69,55
46,82
89,66
12,3
8,99
75,42
69,78
64,7
20,53
89,52
23,96
87,79
26,8
16,61
17,28
50,30
82,86
51,37
73,26
67,80
95,44
8,23
93,80
82,95
46,25
45,15
11,46
31,63
47,0
5,49
65,95
45,63
89,12
34,8
83,37
63,74
28,92
13,35
40,82
96,62
74,53
84,41
65,31
32,61
25,73
8,28
40,63
33,48
96,6
88,90
57,82
7,69
77,80
12,45
33,39
58,76
66,53
99,23
3,18
32,91
63,36
39,31
47,54
50,0
1,99
20,89
35,84
39,2
55,10
5,31
75,47
46,35
48,44
70,12
95,88
28,37
59,80
88,88
14,95
85,26
70,74
11,77
64,75
84,93
12,88
65,70
92,19
24,8
75,14
2,80
95,83
13,19
83,59
69,28
2,78
74,77
26,76
82,30
51,62
16,50
82,92
17,94
38,61
96,94
51,52
54,86
16,69
76,0
69,22
86,63
86,73
74,99
4,5
8,79
50,95
37,86
22,66
75,56
45,81
44,48
54,3
65,19
61,98
44,22
82,23
48,4
12,82
22,75
91,98
27,84
36,76
70,51
41,48
59,13
62,67
2,42
48,7
41,95
20,74
42,2
9,82
39,35
26,18
55,26
67,78
5,7
81,42
72,67
72,7
17,86
66,68
70,21
31,95
83,15
15,49
76,85
31,93
8,17
8,47
40,4
35,50
73,28
1,25
55,95
31,60
78,97
30,93
25,50
66,7
47,43
57,31
41,17
1,14
64,76
74,90
81,12
5,5
33,37
54,15
85,88
19,61
92,28
84,70
34,42
26,60
47,77
23,19
11,22
28,94
92,77
47,25
88,35
7,95
17,49
19,69
1,85
20,88
69,26
49,75
60,10
25,70
86,66
85,3
59,35
38,96
5,81
18,68
51,81
58,72
15,15
38,58
56,47
2,30
28,35
73,46
95,27
55,65
13,14
71,86
60,71
26,78
52,25
15,52
90,88
82,62
46,12
39,43
37,34
75,90
50,8
59,40
57,31
21,94
27,85
32,41
23,4
24,65
24,39
90,33
16,10
42,57
29,28
14,60
67,52
33,72
10,44
94,28
43,29
30,97
39,42
89,14
60,37
29,1
6,31
80,76
53,66
64,22
7,89
49,48
42,26
27,87
6,69
62,39
42,74
86,0
56,77
71,66
70,75
67,26
30,83
31,39
11,88
73,34
23,76
70,97
67,8
42,49
27,90
3,46
58,16
76,4
15,71
72,68
45,10
75,55
67,62
11,32
70,58
97,76
87,76
1,72
45,70
76,6
7,50
49,14
13,11
69,65
55,56
30,53
78,99
29,85
33,38
52,8
82,31
42,52
39,62
96,1
21,75
25,94
15,22
32,70
5,20
26,7
95,51
64,79
17,4
79,66
7,37
54,52
85,78
94,10
77,63
30,21
4,44
17,99
36,76
44,23
15,4
73,79
67,81
54,34
2,79
15,25
60,92
69,82
13,56
98,86
4,28
96,74
91,35
99,3
85,98
9,48
35,85
77,98
65,79
13,36
35,5
98,80
5,52
18,5
43,42
61,74
18,12
79,81
83,93
67,62
84,62
70,64
80,92
13,60
56,67
25,69
64,74
6,55
4,98
47,18
99,10
52,5
75,12
58,45
62,7
69,24
10,42
11,42
12,27
31,14
75,57
85,40
80,98
56,3
1,76
26,57
6,76
48,27
70,75
67,16
56,82
2,73
80,19
24,16
81,98
3,20
55,40
76,56
40,34
92,56
96,16
87,61
9,19
27,40
21,27
54,54
10,33
99,71
71,98
84,73
48,83
32,71
58,95
83,77
93,11
99,35
84,22
58,46
77,27
6,45
20,80
89,1
5,91
80,63
74,60
21,23
30,66
42,50
15,54
49,97
21,22
92,97
88,11
30,85
17,35
13,97
44,13
19,89
31,43
3,96
7,67
61,72
45,36
80,87
12,31
36,92
62,52
56,72
52,6
25,65
46,72
56,53
92,22
21,88
12,39
99,26
63,15
79,80
32,41
51,70
90,79
26,5
90,36
20,9
41,27
39,92
51,97
5,51
16,33
97,40
72,91
79,22
51,55
73,48
67,82
9,78
70,66
79,96
85,23
40,77
11,41
95,85
97,40
27,57
71,9
84,36
2,19
23,8
26,41
20,32
24,83
32,64
57,36
58,61
88,76
69,14
47,7
35,50
98,54
35,21
95,58
93,18
57,13
52,7
20,7
21,66
3,41
85,18
92,24
53,73
21,68
70,15
67,89
66,97
77,98
45,1
37,17
74,20
90,48
88,47
36,14
93,14
51,49
84,50
94,28
1,36
41,14
73,7
74,4
13,99
6,27
73,58
47,44
64,66
31,64
63,78
65,55
4,37
37,18
27,81
18,27
67,50
69,88
65,34
43,9
44,53
67,82
94,64
7,76
44,60
42,71
43,95
72,3
57,34
13,79
18,61
27,97
63,56
41,43
45,89
30,14
69,3
89,63
4,89
25,12
80,80
90,69
6,90
13,78
11,18
52,16
49,24
55,38
52,59
22,57
61,79
58,33
76,43
30,35
0,79
40,63
91,17
93,29
12,22
70,98
60,79
58,66
99,96
31,58
50,66
4,5
99,97
82,10
93,83
74,57
63,86
40,19
71,67
37,36
99,26
87,68
38,99
53,69
99,91
76,73
56,99
48,41
69,79
22,17
91,71
39,19
4,89
33,45
81,9
42,28
3,82
43,17
38,79
1,74
96,67
39,61
55,41
84,82
2,96
32,15
63,25
56,58
77,55
92,16
88,56
57,87
52,54
26,81
57,87
57,19
60,19
92,8
57,46
32,81
14,43
45,30
94,26
58,80
67,40
86,83
40,95
45,98
17,44
97,57
51,77
63,28
76,15
30,91
28,21
12,54
1,88
57,55
21,35
55,50
87,60
47,75
63,10
82,80
86,48
60,63
46,49
79,31
54,43
69,12
23,92
98,11
80,95
93,1
47,51
37,33
22,47
56,8
70,38
15,26
11,36
89,70
8,38
0,37
44,57
77,84
87,7
41,94
90,27
99,11
49,80
4,42
15,5
1,90
13,41
56,25
50,69
84,55
59,7
79,57
48,48
83,67
66,11
32,8
51,83
86,35
24,39
73,72
41,49
18,26
99,15
16,90
3,38
13,79
34,72
90,75
76,20
79,0
43,84
88,66
22,38
31,23
38,96
21,0
33,40
93,0
65,99
55,24
71,96
54,81
9,41
18,34
86,27
59,29
61,76
78,23
70,44
16,76
81,83
61,22
41,22
59,44
1,20
35,68
45,94
15,73
93,40
62,38
1,0
98,40
58,38
63,12
62,82
69,5
30,24
78,97
30,32
30,41
31,48
51,6
49,63
75,90
3,32
4,75
46,55
41,1
88,93
35,25
92,7
34,80
90,10
63,68
48,65
28,17
25,23
36,97
58,64
59,83
77,82
99,42
70,56
28,31
92,61
19,51
29,82
39,96
59,82
81,22
35,55
73,37
27,3
21,69
22,92
27,62
10,77
72,7
76,8
58,2
82,90
0,73
75,51
93,45
49,69
49,88
91,13
65,30
31,35
21,95
15,55
48,21
90,5
59,69
47,64
68,73
98,11
86,7
24,16
26,49
39,14
56,1
83,84
56,3
36,31
53,77
29,89
58,56
30,90
52,49
6,42
0,91
46,72
68,86
51,67
55,85
12,83
47,84
9,17
76,25
59,35
66,89
4,38
54,92
16,90
45,90
75,36
72,64
77,28
81,52
46,51
29,29
31,96
83,80
92,92
3,67
5,98
70,52
13,66
92,59
85,29
72,48
43,55
62,54
5,40
86,48
33,53
27,23
73,24
88,31
11,42
27,45
53,38
77,94
97,57
35,51
52,75
36,23
39,9
29,42
22,20
2,79
81,18
56,63
15,52
4,15
73,48
93,87
70,28
6,70
55,72
1,64
35,12
66,1
54,82
69,57
16,68
13,77
28,48
64,34
47,7
8,40
55,58
55,87
60,65
32,36
83,78
35,8
49,14
90,99
64,73
24,86
54,65
16,66
6,79
69,76
25,98
7,96
40,77
37,20
39,1
46,30
46,94
71,0
87,8
0,59
96,17
72,19
15,99
91,0
67,76
13,39
68,28
97,32
26,97
73,35
64,55
74,4
15,65
0,70
20,29
54,2
1,52
79,92
13,90
70,36
39,98
78,17
15,47
93,76
55,78
30,45
88,13
85,8
93,23
19,18
91,21
46,24
58,66
81,30
31,66
98,20
32,66
72,18
18,93
98,62
43,28
86,39
71,46
64,78
59,53
69,50
1,85
75,70
76,57
57,77
13,99
55,85
94,70
55,92
89,84
93,32
10,98
34,21
4,6
26,36
11,80
89,56
60,79
34,42
99,13
85,8
27,81
2,9
49,28
97,16
77,26
19,92
0,7
67,7
38,14
10,35
35,16
88,71
10,15
54,18
0,27
34,60
81,29
4,62
66,98
25,70
82,47
37,34
61,17
48,16
82,68
81,60
68,54
60,93
28,86
49,94
39,51
86,72
47,70
93,1
72,12
97,99
22,71
52,57
32,58
21,77
78,57
60,88
77,52
32,53
62,18
20,12
25,90
58,12
42,60
18,2
76,37
61,48
10,96
32,78
30,87
29,4
6,15
7,34
41,70
51,20
44,78
99,89
96,50
42,64
3,76
28,56
22,36
8,89
19,7
60,50
7,99
92,98
45,98
53,27
74,98
12,38
28,76
42,47
0,60
74,39
11,44
96,55
21,19
8,34
31,73
33,55
19,34
65,2
0,87
51,6
61,79
9,61
30,55
69,28
48,65
17,64
81,90
26,3
74,28
34,31
46,82
91,68
5,67
70,24
81,9
13,3
69,79
17,95
50,56
21,9
85,66
48,3
59,80
62,44
12,62
28,50
80,80
23,5
98,4
54,71
95,31
39,18
5,37
39,73
27,65
2,63
45,28
56,75
31,25
54,96
3,19
59,43
3,13
70,4
82,37
44,44
12,38
48,27
94,63
4,57
25,87
8,36
23,41
5,86
91,26
76,30
87,88
5,95
22,49
37,73
29,5
7,44
60,60
64,83
2,61
89,12
86,89
53,61
93,23
74,46
59,74
9,78
12,76
62,56
72,13
14,20
32,11
17,93
50,80
20,3
9,9
58,94
80,96
82,37
47,0
58,32
22,50
35,20
56,23
64,63
39,71
32,89
15,58
19,81
86,70
82,40
68,39
70,69
43,42
93,29
70,49
64,78
3,62
59,70
75,58
93,45
39,52
81,90
92,54
8,97
22,87
59,73
48,95
71,83
59,25
42,0
88,98
47,87
72,45
93,93
46,20
55,9
66,36
84,18
43,32
30,29
0,46
5,84
76,68
15,79
98,48
40,49
63,53
21,79
99,12
24,40
10,15
17,84
87,91
96,51
49,89
58,83
82,84
10,93
22,42
4,23
37,25
29,49
90,19
76,66
96,6
48,93
22,65
65,62
99,14
90,31
94,32
30,15
90,81
12,83
2,56
19,32
51,87
48,44
26,82
70,25
96,65
29,9
73,12
59,45
87,0
3,53
1,41
53,53
98,60
54,55
86,50
28,91
65,41
77,39
27,72
65,30
11,87
32,93
51,48
20,31
85,45
82,22
62,12
35,37
67,44
35,20
27,86
93,80
49,9
37,12
47,56
67,84
35,93
26,87
15,94
91,81
57,1
96,6
5,52
14,39
87,19
0,88
53,32
97,24
27,79
4,61
88,15
69,19
36,57
14,27
23,7
93,88
57,61
98,98
95,91
77,58
61,53
64,44
11,60
19,88
41,85
86,47
74,98
88,10
65,94
64,42
84,59
9,57
76,98
39,45
30,63
32,5
79,37
91,96
49,50
58,84
22,98
39,19
97,70
83,40
61,58
77,43
10,22
5,14
9,98
35,20
92,62
59,21
94,65
76,40
7,80
3,6
18,1
93,81
34,35
38,71
17,59
70,61
99,89
7,41
44,57
50,23
38,43
23,9
2,48
29,79
0,74
68,77
51,76
19,66
44,65
29,79
41,17
25,91
83,86
43,23
74,44
45,28
68,68
87,66
56,54
31,68
60,9
15,39
14,93
5,32
5,33
11,58
1,89
7,44
15,8
49,31
38,43
75,78
91,43
57,29
56,83
21,62
19,53
99,4
90,38
65,55
1,37
71,52
75,86
55,32
37,0
79,91
90,90
56,34
8,18
14,18
51,1
63,77
57,36
63,59
25,21
54,9
7,99
90,70
15,59
58,40
18,83
49,18
82,58
36,60
95,1
23,83
46,71
14,61
5,21
96,67
1,31
42,38
2,7
41,65
16,10
90,69
73,85
26,47
44,10
94,79
74,52
2,38
21,22
72,98
63,10
66,29
68,95
47,36
99,7
5,54
52,13
64,45
4,18
46,29
24,47
60,45
93,18
71,21
36,25
24,32
99,35
89,17
10,43
48,97
83,2
64,80
65,69
91,93
35,82
91,2
28,98
50,16
2,31
84,76
64,5
11,80
9,38
92,58
39,12
17,89
90,98
16,51
21,8
45,85
44,87
55,4
23,90
61,38
11,96
13,55
26,84
47,62
88,42
17,21
66,12
78,86
5,69
84,71
29,20
92,40
49,74
56,36
42,22
80,83
60,81
55,31
65,54
87,10
54,54
49,66
98,50
39,52
52,70
31,75
44,88
51,21
55,40
1,18
32,86
94,92
85,71
92,80
68,92
84,48
38,35
14,92
31,0
1,67
48,26
86,69
9,85
45,43
61,9
20,14
45,61
69,89
39,0
0,23
17,81
77,80
51,18
74,90
0,90
56,31
16,33
33,13
6,10
91,25
15,60
61,66
9,93
34,37
28,86
65,32
45,17
55,31
66,97
82,95
38,21
22,60
72,21
9,54
87,33
50,3
28,92
47,25
64,82
71,18
70,47
48,32
80,17
19,9
7,23
74,42
70,37
23,63
52,18
56,70
36,99
23,36
79,39
21,20
50,71
69,86
94,41
74,88
21,85
65,56
68,55
44,77
85,90
31,89
9,96
52,41
70,69
77,18
78,46
76,46
85,89
5,95
43,81
50,23
66,95
49,94
50,19
15,43
76,54
3,16
3,99
86,45
45,99
77,5
28,71
5,56
16,15
34,18
71,10
15,32
50,73
11,1
80,64
8,11
84,86
78,46
3,42
39,69
51,38
75,21
86,92
81,50
72,26
71,66
41,6
6,3
58,99
61,98
74,16
1,70
28,55
46,94
51,62
92,54
9,95
96,34
3,23
84,93
89,28
30,66
40,48
96,46
83,28
79,63
65,42
2,33
34,0
68,85
51,12
16,15
39,40
90,99
75,24
39,70
71,62
28,54
18,76
1,45
65,11
19,97
8,11
37,30
85,4
48,41
59,61
70,26
98,63
62,27
92,18
58,53
44,78
37,33
10,55
83,84
10,33
40,45
2,85
62,83
70,24
82,21
46,9
91,54
30,19
8,66
10,88
25,98
95,45
70,69
53,98
47,45
67,95
59,62
91,44
67,18
17,9
18,67
58,68
73,9
3,0
61,26
58,8
88,93
43,69
58,1
98,65
43,64
10,59
31,12
24,25
79,16
91,30
74,19
89,9
60,42
75,8
8,40
98,34
24,49
80,99
88,51
5,38
66,3
96,23
78,68
48,39
5,86
11,87
16,80
15,87
76,81
60,38
56,99
7,18
16,60
74,98
14,13
63,16
71,41
6,87
47,85
17,28
55,38
18,27
93,26
10,48
53,89
80,11
33,2
93,27
48,75
25,33
85,53
51,65
33,94
29,53
30,72
51,6
78,41
4,87
56,14
28,31
73,52
47,59
30,37
20,91
30,39
97,31
94,49
8,75
73,4
1,65
52,99
97,53
37,98
36,64
92,33
83,40
78,74
82,24
32,25
43,81
97,41
65,15
1,50
68,18
7,75
62,4
21,40
75,21
68,49
39,91
65,30
31,42
53,45
20,89
30,6
93,8
3,48
40,60
33,51
12,63
92,53
53,93
19,26
58,68
38,21
74,88
11,67
13,97
84,13
80,60
24,42
97,91
47,25
62,77
55,49
67,5
97,72
50,93
59,97
68,13
66,15
59,25
41,83
83,18
53,57
45,52
75,66
96,6
70,94
96,26
49,56
69,26
83,42
24,67
21,90
57,42
50,37
71,46
97,92
65,56
45,49
11,42
75,53
88,65
28,54
1,56
15,8
13,10
67,51
42,1
30,31
85,99
20,80
4,58
7,77
40,46
78,66
86,15
79,14
28,12
27,87
95,25
49,15
2,21
9,51
17,33
40,34
62,63
69,22
92,96
79,57
99,93
36,88
85,9
47,54
80,68
40,98
57,82
83,48
95,9
72,39
72,85
43,82
47,76
84,26
84,33
19,25
40,1
93,63
41,1
25,14
82,52
74,28
61,18
9,59
55,95
13,0
83,66
50,3
51,55
57,3
30,38
19,42
93,35
41,22
89,60
73,22
78,85
2,73
69,23
26,35
13,82
0,19
10,79
10,99
79,57
7,0
34,66
23,34
92,91
93,80
88,23
71,91
79,0
81,57
59,29
29,96
25,79
39,47
7,90
46,65
65,41
83,46
8,32
67,79
98,64
32,89
22,57
3,72
51,68
5,76
35,67
80,71
57,68
66,24
29,59
85,57
31,4
16,21
87,17
76,45
68,62
63,64
69,17
75,64
9,61
34,77
57,71
69,27
38,62
17,6
22,20
45,85
80,41
53,67
63,82
68,39
60,23
28,99
38,84
36,82
87,24
46,9
5,95
52,98
81,21
21,75
57,76
21,29
69,97
4,41
1,36
62,4
17,68
70,66
63,88
65,19
21,18
45,78
79,66
29,18
17,12
14,23
84,22
60,41
99,23
58,8
76,62
78,51
79,43
90,33
46,89
99,52
3,61
43,31
50,50
82,96
47,45
55,99
0,50
42,76
9,87
59,11
3,60
86,10
76,94
79,26
48,60
50,62
78,18
47,81
68,69
35,34
27,53
24,28
31,20
16,31
85,74
24,44
85,93
35,33
3,76
65,28
44,84
58,35
8,51
49,94
23,75
42,35
5,48
64,59
3,17
3,26
67,13
0,27
29,24
42,43
31,87
66,33
66,65
97,39
29,47
96,11
41,30
63,58
14,10
62,82
88,65
74,74
5,52
32,60
81,45
90,62
69,64
87,2
86,35
67,60
19,7
9,97
88,97
15,95
20,12
45,94
86,6
98,64
26,11
70,14
63,13
90,73
69,66
6,26
24,45
76,22
49,20
2,36
41,92
42,65
76,36
94,59
19,1
93,31
66,97
77,55
37,28
82,74
64,56
62,61
65,93
9,56
80,54
24,99
23,52
76,13
50,39
63,67
77,38
44,93
42,78
58,0
59,99
54,91
35,29
61,35
4,64
45,20
74,78
97,28
18,44
3,34
98,1
52,42
91,36
11,26
64,32
19,66
30,41
21,47
89,56
40,78
27,35
28,53
54,49
17,5
84,96
2,6
54,39
95,7
10,52
12,78
1,36
59,7
75,79
36,34
32,92
82,33
2,52
96,56
74,89
28,10
5,58
11,9
55,10
15,84
69,97
0,57
72,63
92,1
33,41
99,26
58,46
88,41
50,97
4,3
83,58
29,92
51,6
45,86
77,68
85,37
86,79
53,43
37,50
27,83
42,70
32,13
63,13
45,95
30,45
92,92
55,58
87,41
42,43
33,33
87,89
41,76
96,42
30,83
35,92
37,5
93,48
49,61
83,14
8,82
28,94
89,78
44,67
5,34
82,83
0,86
13,71
79,72
86,43
61,8
75,71
4,4
87,52
42,62
46,32
45,70
15,88
64,39
38,96
97,36
44,55
61,27
41,92
41,87
81,60
83,92
40,70
82,66
10,53
39,60
55,44
61,4
24,50
25,13
54,17
77,97
92,39
72,69
37,30
16,67
87,73
29,33
40,98
83,10
95,70
25,72
12,50
54,92
13,92
66,91
22,55
37,28
12,20
15,30
52,24
81,74
42,88
2,19
25,15
34,35
94,61
27,72
94,78
63,9
43,77
16,2
33,53
70,5
38,85
67,52
9,91
75,21
57,93
2,61
34,83
65,42
69,30
25,68
20,68
72,96
78,27
40,77
10,18
87,85
25,47
52,9
75,89
84,67
85,64
60,48
70,33
16,28
23,13
86,59
61,47
86,65
27,45
63,35
75,96
22,29
65,66
31,98
82,18
28,50
6,72
62,60
51,7
80,17
96,43
65,1
7,88
65,17
49,86
15,12
87,47
52,10
70,59
7,46
66,65
93,16
73,72
12,25
94,48
31,37
37,65
72,36
86,23
5,21
92,93
28,20
0,69
14,97
53,47
57,56
25,23
19,59
98,96
38,84
33,16
5,49
30,69
93,2
1,63
26,60
48,66
2,25
91,67
12,27
15,38
78,51
83,90
28,19
78,61
28,79
38,52
16,84
84,78
85,78
60,68
54,8
74,47
71,30
89,23
88,89
87,4
58,75
87,93
91,1
80,80
96,74
21,11
1,62
15,21
76,68
76,42
68,35
81,79
10,68
2,81
16,35
17,25
73,80
9,93
37,99
61,16
35,80
4,83
19,31
71,47
64,59
18,22
37,66
59,18
56,35
60,85
43,26
17,17
48,83
34,7
61,96
90,88
16,17
29,51
3,29
63,4
56,93
7,6
78,4
68,88
80,75
84,52
73,90
44,43
43,30
21,28
30,63
22,71
0,86
21,53
70,97
76,67
81,4
88,77
74,77
24,2
78,57
83,64
51,25
93,49
21,57
52,94
99,34
68,72
39,45
15,36
86,83
10,8
22,55
45,56
34,66
43,3
40,20
59,78
92,55
19,27
18,44
43,37
82,72
57,54
26,41
22,44
68,23
99,57
93,29
4,18
56,11
38,71
34,86
78,59
69,97
16,38
29,10
73,39
72,10
27,48
96,87
4,95
53,72
51,30
29,67
46,45
44,56
9,99
64,56
24,48
1,65
7,14
57,52
19,52
60,76
16,73
17,8
37,87
41,21
38,60
47,96
98,56
79,6
21,8
71,78
37,62
81,21
8,84
47,29
5,43
11,98
17,55
97,61
52,55
9,65
70,20
44,29
92,25
56,98
55,0
24,36
40,5
99,23
47,52
0,74
57,71
60,59
62,92
40,75
70,56
71,38
49,50
68,94
13,83
39,80
6,96
24,88
72,15
65,69
89,41
86,28
28,85
42,15
43,72
54,91
19,40
23,97
38,36
42,28
54,54
10,90
14,42
5,8
45,17
3,22
50,12
60,11
55,41
0,64
89,51
63,45
46,50
43,0
2,22
10,55
71,93
41,71
81,93
20,51
69,56
92,63
65,60
10,79
18,14
22,83
15,37
62,73
96,17
40,44
65,58
2,6
55,45
22,44
72,90
22,83
82,43
6,23
39,93
10,90
40,74
94,81
47,77
48,55
90,56
4,50
27,96
3,68
52,97
11,35
76,50
82,81
38,91
26,27
58,88
85,71
48,46
67,74
62,25
23,64
65,21
80,42
64,40
45,42
13,39
4,96
11,37
48,5
22,23
83,66
84,98
37,12
45,64
82,84
64,21
98,83
32,76
7,84
61,79
73,18
13,16
84,36
78,58
34,44
52,30
65,0
38,99
4,50
32,1
32,35
31,68
64,73
80,89
83,73
4,77
78,87
20,81
69,62
66,17
27,22
80,57
6,52
4,46
45,30
62,99
40,80
11,76
41,63
60,49
32,25
42,98
85,83
94,14
49,61
38,62
66,96
7,26
99,74
61,94
92,0
6,0
81,27
74,79
95,69
21,92
69,72
8,94
84,73
81,23
4,92
26,49
59,92
20,54
72,56
79,89
86,34
23,12
71,42
17,57
27,41
76,79
86,94
92,36
55,15
45,8
26,76
91,11
82,67
7,75
96,59
43,21
65,95
62,50
53,28
18,34
51,91
16,44
2,20
19,99
89,35
79,75
85,32
4,86
37,25
42,60
7,9
4,65
77,11
17,75
95,58
19,53
22,36
41,41
24,19
17,54
31,67
72,45
45,51
62,5
79,79
23,93
17,51
19,92
20,32
13,47
47,30
57,9
85,48
43,94
71,64
17,47
48,0
53,72
53,19
17,17
73,24
24,54
22,59
18,91
74,7
81,16
17,10
29,11
95,12
6,15
47,8
26,59
17,59
11,15
17,73
30,35
23,17
8,82
40,3
3,65
45,38
92,4
4,80
76,57
34,29
82,69
91,31
16,59
23,87
25,47
16,17
93,17
9,78
29,75
91,69
88,78
49,97
26,13
5,7
23,37
76,44
38,41
34,56
89,57
72,68
35,24
48,14
9,56
92,92
84,15
31,88
15,53
75,0
5,64
13,33
15,99
24,93
27,57
29,52
73,89
32,11
37,74
43,20
6,39
93,37
91,54
97,76
51,73
2,30
37,95
8,14
96,21
10,43
49,64
52,81
64,97
0,55
56,58
68,42
65,67
90,81
56,54
73,68
31,0
28,42
44,5
8,91
37,78
7,12
3,18
4,68
66,46
41,55
88,57
61,84
66,90
41,64
16,91
0,5
6,88
58,42
14,92
48,12
94,3
4,34
52,72
62,66
23,42
14,71
66,11
57,80
84,41
25,42
39,62
75,88
30,55
47,22
85,14
93,88
74,92
51,45
81,88
69,74
73,10
49,68
75,6
0,89
72,17
7,52
42,94
24,37
90,45
18,97
88,23
43,23
87,19
62,10
47,12
70,39
35,33
89,54
40,79
78,23
98,95
29,0
33,15
24,2
5,48
5,81
99,87
43,75
64,83
15,98
39,35
33,35
14,72
93,15
94,67
38,70
70,25
99,73
51,17
16,23
53,18
37,3
13,49
86,76
23,6
79,87
48,93
4,3
83,99
1,96
52,20
3,79
41,5
8,17
64,80
66,65
17,23
55,49
43,31
59,78
3,99
15,73
43,23
35,85
53,95
34,15
66,82
86,70
19,34
41,29
24,47
92,74
67,83
22,18
55,84
30,22
37,30
95,61
31,35
87,89
51,18
44,16
13,61
17,51
34,95
66,30
94,29
12,91
71,12
84,55
16,90
86,77
50,94
71,71
68,95
91,53
81,67
0,30
99,4
52,35
4,98
46,67
78,88
93,78
2,56
68,56
51,13
3,61
82,48
73,16
89,48
29,43
46,56
21,43
48,95
14,2
12,35
81,83
91,12
27,61
19,66
10,19
11,43
20,40
54,40
3,55
49,44
76,82
72,99
23,56
29,74
11,96
51,60
7,40
27,21
87,14
69,5
12,14
20,2
91,36
55,35
64,66
26,92
99,52
52,97
40,11
32,47
27,8
75,38
15,51
86,28
8,94
37,48
55,70
24,80
37,47
88,59
29,42
49,57
9,16
93,3
62,52
74,24
67,28
22,91
76,90
40,71
8,59
50,42
27,4
40,37
77,3
21,12
49,75
53,21
66,85
55,94
47,65
75,45
64,96
92,31
94,34
33,84
43,0
13,7
85,12
79,18
33,25
63,19
79,49
79,74
64,96
71,61
55,83
26,71
44,2
56,86
79,26
69,79
60,84
85,71
26,72
96,24
48,74
20,1
48,27
45,26
66,11
72,42
39,74
66,67
84,68
21,83
95,92
97,46
33,63
13,42
2,85
1,7
67,60
23,61
44,77
16,22
28,74
83,83
54,99
91,47
23,43
0,51
83,18
35,0
5,4
76,25
40,98
22,45
21,53
49,25
44,64
14,16
86,66
89,49
56,10
17,11
34,39
69,10
99,33
35,28
60,31
3,14
63,33
83,96
60,25
27,86
88,20
52,28
76,66
91,27
53,4
81,99
46,1
1,23
99,65
76,54
78,0
28,28
97,7
68,14
19,89
86,24
85,5
79,72
57,89
64,62
60,20
15,64
12,5
41,24
16,31
74,38
16,39
25,10
63,88
56,20
94,29
15,13
8,56
39,32
20,63
57,82
37,65
49,92
73,12
47,34
85,53
51,33
1,10
44,62
51,97
73,61
69,33
65,25
81,88
6,8
63,6
9,78
9,79
92,92
74,61
87,18
14,24
56,25
25,58
30,89
96,42
77,26
78,54
42,92
83,27
19,7
9,95
20,32
22,67
86,34
94,61
49,37
38,93
72,55
43,78
50,8
99,88
91,50
9,45
73,91
55,99
81,18
83,35
29,9
67,25
40,11
33,45
54,15
51,1
40,19
21,25
12,72
18,62
76,28
55,74
96,72
7,39
39,1
72,47
44,13
74,74
75,76
83,3
9,63
95,37
82,97
17,30
0,2
67,99
77,70
24,89
50,65
65,92
25,71
24,12
3,69
6,13
20,58
94,96
57,26
35,22
69,46
75,54
65,58
30,20
80,6
49,23
13,85
26,91
23,13
97,9
50,82
32,83
75,61
36,31
16,58
86,93
56,80
61,20
21,11
97,2
88,74
41,73
13,6
72,15
45,68
82,37
98,41
75,6
66,37
3,78
33,97
69,11
97,97
61,87
68,84
83,95
83,35
18,7
52,90
5,84
49,39
64,28
34,8
84,30
75,25
51,30
81,22
9,98
89,71
33,42
30,71
27,80
42,71
42,9
0,43
19,0
86,2
86,85
61,94
2,76
33,33
91,42
25,48
67,41
0,99
32,76
72,45
73,71
40,2
25,58
54,20
15,45
79,41
32,98
97,21
67,47
87,96
14,88
87,10
37,70
44,66
68,94
61,79
3,23
4,62
27,85
38,89
84,0
23,17
16,52
51,7
60,13
18,25
73,26
70,6
72,72
56,65
68,84
29,37
45,3
73,2
42,22
5,4
43,7
34,11
97,75
9,47
80,6
91,93
78,9
41,76
38,15
99,47
51,19
62,52
55,46
40,61
67,51
26,95
23,3
98,71
86,3
26,66
32,99
71,79
81,29
83,2
72,3
62,57
40,12
41,36
76,13
23,7
68,16
80,81
49,99
82,41
24,23
75,65
70,43
86,68
74,18
3,99
95,74
28,55
61,16
1,88
0,34
42,55
35,81
68,41
70,55
85,38
62,38
87,3
95,88
83,60
20,72
17,10
53,21
76,9
14,18
50,14
92,35
14,94
62,3
71,35
29,80
28,72
57,47
18,54
17,60
43,75
52,43
59,88
83,56
34,84
11,9
96,39
85,25
44,6
57,33
5,24
6,24
80,24
38,49
35,22
19,67
99,56
44,10
86,86
33,78
46,94
28,31
1,6
72,9
69,80
55,22
24,68
16,94
10,66
91,2
93,39
98,76
73,79
90,24
58,17
29,69
72,3
7,2
8,35
43,56
21,75
90,49
75,98
81,5
53,38
15,45
37,29
6,96
27,91
16,22
49,36
64,87
29,10
78,78
36,3
57,2
67,29
43,14
78,91
96,79
99,55
75,88
2,51
54,27
40,92
56,39
26,66
89,31
58,57
98,66
8,56
93,87
16,37
94,29
37,37
21,70
14,99
92,99
19,58
98,5
69,66
27,85
89,89
8,54
66,66
92,40
19,62
56,87
32,64
40,45
66,57
65,29
39,34
49,61
33,37
95,41
44,82
87,67
11,24
96,76
47,3
42,64
56,69
98,70
13,42
90,59
5,16
66,43
3,30
16,34
84,33
97,9
73,85
35,69
1,44
62,87
86,75
24,32
2,22
31,27
14,25
19,67
95,10
20,31
73,60
8,62
21,20
93,19
73,81
12,49
46,31
51,28
52,68
8,24
31,83
13,92
58,2
4,24
6,73
67,99
17,95
82,6
26,42
49,50
16,30
87,29
53,83
58,64
89,14
15,67
31,38
82,52
27,19
72,9
83,81
10,98
40,25
95,61
45,11
49,93
36,53
71,4
29,3
28,54
60,22
71,83
95,62
44,64
61,81
14,10
73,84
65,17
83,87
75,0
14,91
29,61
87,20
64,9
24,5
30,77
36,66
85,30
10,16
4,89
46,31
86,40
21,89
67,92
47,11
72,54
33,12
34,45
61,67
8,2
83,53
67,17
32,60
14,49
6,68
36,80
89,67
49,15
19,19
28,79
30,10
93,76
5,23
47,31
95,76
44,84
3,87
74,77
26,22
98,33
49,45
79,43
50,15
37,19
65,38
5,93
43,17
35,87
12,5
95,85
61,43
5,79
7,97
46,7
55,7
50,53
69,9
60,25
23,52
7,84
55,4
65,13
31,89
70,2
78,99
85,43
16,78
95,78
48,90
37,66
9,49
9,60
53,53
47,62
11,81
13,57
71,52
58,61
38,13
28,22
81,16
56,27
2,61
96,32
14,25
94,48
58,15
21,80
84,64
58,49
49,97
76,24
86,62
26,76
17,51
58,28
31,31
51,56
3,95
40,66
33,3
31,91
43,0
64,39
16,65
14,36
25,0
79,17
5,41
45,8
92,21
37,97
1,60
10,43
79,79
72,90
74,36
48,9
18,85
53,34
13,3
97,84
72,74
58,21
2,40
16,27
27,6
73,61
16,33
4,49
60,34
42,20
24,16
35,56
17,44
22,30
43,83
34,18
76,12
71,87
77,59
40,1
52,14
78,71
89,7
43,25
22,52
79,79
21,75
72,9
82,36
49,13
54,67
9,32
89,82
99,61
85,73
5,6
79,81
53,76
56,59
31,94
42,36
94,19
83,21
97,62
10,40
37,28
87,66
88,99
10,38
15,41
28,11
26,3
63,48
16,12
51,32
13,53
85,92
98,13
32,18
64,85
46,93
23,4
36,23
29,54
68,54
61,70
30,92
70,55
99,6
23,30
18,1
19,5
81,18
80,68
33,99
97,99
34,8
93,40
42,46
12,61
32,78
29,1
17,18
61,21
4,52
88,63
5,16
45,49
22,3
98,46
34,27
88,0
93,2
14,30
44,65
33,37
59,63
91,25
40,95
45,54
48,10
44,1
80,46
74,35
94,99
39,1
34,86
3,38
87,53
12,47
53,55
47,96
21,91
37,89
32,42
38,42
38,48
99,33
44,2
12,7
6,1
52,23
36,72
13,53
14,13
46,73
77,92
68,8
92,64
10,31
62,31
65,10
0,43
52,65
70,2
46,48
4,43
15,0
32,70
90,75
62,54
25,81
36,24
3,89
18,64
14,94
84,29
78,24
34,46
55,19
37,70
47,32
80,7
92,34
82,4
41,81
45,18
17,70
89,5
38,2
59,82
88,0
46,74
21,50
46,81
40,49
54,38
34,15
46,76
51,45
34,72
35,11
81,53
99,7
88,82
50,29
16,33
52,11
12,70
96,73
83,80
71,35
17,30
9,3
76,53
98,42
91,48
35,21
39,68
54,44
94,82
87,23
76,34
75,44
43,15
37,65
34,84
6,35
4,17
9,93
64,42
29,68
85,30
96,74
82,39
47,57
59,93
54,64
78,59
81,6
17,60
59,11
97,8
96,57
23,37
92,91
65,70
89,61
87,23
16,74
19,82
92,77
85,75
39,79
11,31
53,56
80,21
85,83
73,81
61,98
10,80
26,87
18,27
95,13
26,4
54,75
67,57
70,39
74,69
49,33
31,92
80,39
11,37
23,38
44,10
48,7
44,80
6,34
19,78
21,97
55,52
32,74
91,61
4,74
48,41
61,70
39,82
72,49
0,21
71,86
1,35
14,8
79,2
0,12
44,54
6,36
9,71
33,43
51,48
74,72
39,59
44,44
1,24
68,23
97,4
95,8
37,21
39,23
34,70
14,38
73,29
0,32
41,26
99,50
52,83
88,84
95,94
84,52
65,53
66,99
46,15
80,28
92,30
96,11
58,80
26,90
7,71
96,5
28,11
13,57
58,91
36,63
21,43
16,54
70,24
50,95
56,15
99,51
72,29
11,95
52,98
18,29
14,22
91,37
12,17
17,34
51,70
66,17
79,56
54,68
99,14
49,39
50,15
25,91
94,13
33,91
68,80
96,28
2,61
1,31
58,87
76,66
10,17
36,39
8,81
46,12
25,62
83,77
62,63
71,73
61,16
45,69
10,55
20,61
87,80
33,9
10,13
71,96
89,17
88,82
7,86
80,36
30,77
42,0
16,64
98,70
10,22
90,81
9,82
17,94
58,42
81,50
88,13
79,31
60,15
99,89
6,61
54,63
29,52
98,58
65,33
88,23
18,87
77,72
44,65
90,52
82,31
23,85
63,45
11,34
53,14
73,92
83,2
85,25
9,44
44,4
26,54
15,4
27,31
14,95
37,53
75,80
0,98
68,48
64,50
94,60
82,7
88,6
39,23
79,65
36,32
9,52
84,43
19,54
15,77
62,10
87,95
75,94
47,7
82,94
20,66
51,40
62,19
97,12
35,46
42,70
66,40
61,8
24,20
26,93
64,22
49,32
85,69
91,26
96,8
19,43
68,92
96,59
15,83
43,11
78,1
76,11
63,11
90,27
62,57
24,25
21,60
70,10
30,54
21,30
82,26
83,87
55,20
0,35
74,72
68,31
14,83
86,74
68,81
65,82
40,51
35,2
2,28
24,28
40,56
22,71
43,71
46,85
95,75
57,58
89,17
52,35
2,68
36,56
64,59
26,13
33,64
60,78
76,87
3,92
55,28
76,9
24,9
69,65
43,54
93,19
6,26
18,15
31,63
24,63
9,51
43,0
96,39
5,2
76,38
14,41
28,77
76,75
6,85
58,87
41,57
84,87
82,69
35,7
94,22
71,50
16,49
3,15
63,23
80,10
39,42
86,44
65,93
84,62
18,48
40,72
86,80
78,37
76,21
31,10
93,90
88,68
71,63
56,38
25,52
75,80
50,3
34,76
96,77
50,80
84,59
72,4
59,77
35,77
18,65
53,72
94,58
47,42
72,0
51,28
52,57
37,32
3,11
29,34
39,57
7,65
46,76
72,28
77,23
95,25
82,98
9,9
26,56
68,64
86,42
85,98
71,21
96,4
89,57
28,54
43,76
8,96
18,61
70,85
85,29
38,64
6,77
22,15
10,41
99,61
43,29
69,58
49,3
51,30
20,42
45,37
2,70
19,19
85,82
66,78
26,55
45,5
9,41
36,75
20,11
58,55
84,18
39,26
86,66
99,9
71,82
50,49
90,12
22,65
6,10
84,97
5,81
52,65
18,59
24,96
72,85
53,71
39,98
61,9
24,82
53,90
73,21
30,65
97,43
31,24
30,69
86,69
30,56
80,8
95,28
69,81
70,6
39,27
57,24
64,65
76,80
75,40
50,72
37,10
77,41
22,13
72,29
96,73
86,38
28,44
94,60
90,57
57,62
30,50
81,54
60,0
72,1
65,43
49,96
55,21
21,71
10,51
44,99
80,61
77,70
31,23
99,54
62,18
82,51
53,63
23,28
44,68
48,76
86,5
48,8
52,24
2,0
45,29
24,62
36,0
42,48
69,51
34,35
35,19
53,71
18,13
58,15
38,90
5,78
43,9
57,56
68,55
17,75
22,42
40,83
66,32
42,38
43,9
68,0
94,43
97,41
89,84
56,76
43,75
15,94
93,92
34,40
26,10
16,51
9,16
43,24
12,14
28,8
69,68
22,88
72,63
48,10
15,36
43,77
90,56
88,38
24,72
1,27
17,44
14,57
49,55
71,47
96,49
61,39
28,24
62,49
81,80
7,7
63,6
23,12
98,44
73,51
57,22
31,25
53,48
46,91
49,55
1,87
20,41
40,65
13,13
17,89
29,42
77,52
31,89
90,12
26,54
44,76
82,53
87,80
3,16
25,55
72,37
67,4
51,6
51,71
57,28
31,26
22,52
23,3
86,26
10,54
44,28
68,29
10,39
97,19
87,47
21,1
59,13
85,55
62,94
4,23
75,88
54,15
91,17
78,68
16,12
37,78
80,15
57,18
53,60
74,71
66,56
64,85
59,26
18,82
31,74
99,40
44,78
17,86
53,45
76,5
21,80
82,90
52,92
40,91
40,15
23,63
84,0
65,14
78,26
51,95
4,59
52,26
34,2
5,82
97,53
8,26
63,31
63,67
6,86
36,99
79,94
47,62
71,48
86,4
57,31
9,53
51,27
77,93
94,78
50,77
27,66
89,66
45,79
31,69
65,4
8,83
73,13
13,70
47,93
79,33
6,94
86,96
31,6
91,23
33,6
70,45
38,22
38,15
46,50
69,31
9,89
18,45
5,67
72,28
55,57
97,27
66,11
84,23
84,8
55,95
8,30
10,49
74,32
26,41
48,53
59,61
98,11
32,34
41,81
46,67
21,60
46,98
16,41
35,54
1,1
13,16
13,67
95,39
2,94
93,25
69,82
62,91
61,71
29,97
62,93
67,93
19,97
72,9
69,12
3,27
84,19
41,4
86,6
17,70
82,98
89,98
4,10
94,7
43,41
2,15
97,4
17,52
21,39
4,60
88,34
28,5
31,6
17,35
86,81
75,35
98,49
98,49
81,42
29,77
36,14
3,8
14,28
10,88
98,23
91,31
69,28
61,22
2,73
76,81
7,9
2,61
40,50
70,85
99,91
7,90
86,19
79,32
98,97
3,40
88,62
88,70
0,71
9,51
31,80
51,55
66,38
96,22
36,73
92,53
20,14
47,86
18,88
57,99
21,64
82,54
61,98
1,37
21,70
39,64
31,98
76,8
4,22
24,31
30,24
45,7
31,5
99,55
30,1
77,57
55,84
6,66
36,80
17,52
87,51
23,55
29,72
52,16
49,20
98,56
37,55
11,30
0,54
68,24
91,97
51,18
58,49
93,35
33,33
41,9
19,47
24,75
7,12
28,56
96,55
28,45
91,10
7,8
31,71
24,56
71,27
38,33
35,70
41,14
7,46
44,81
15,66
30,63
61,40
39,76
97,45
39,69
22,91
24,24
71,91
28,2
63,77
68,47
40,13
42,91
68,86
37,25
66,51
41,44
76,18
67,48
76,56
20,58
83,25
25,38
90,73
86,14
66,92
89,79
46,50
50,2
85,37
22,52
27,98
65,40
37,36
87,48
30,10
6,41
59,7
94,43
0,66
24,44
55,4
21,8
7,24
52,32
70,2
89,15
23,88
52,22
46,52
61,95
51,45
31,21
47,84
98,77
66,8
98,24
87,45
99,51
71,94
22,87
91,28
27,7
60,38
47,4
86,61
0,2
55,18
61,1
4,53
27,84
47,71
2,12
95,14
69,1
36,58
12,19
78,56
41,21
28,37
72,49
47,3
84,2
48,62
85,62
82,25
38,38
43,21
90,28
36,34
59,49
55,98
45,94
4,2
72,60
28,10
4,77
51,62
44,26
91,14
81,15
72,49
43,60
63,68
86,65
89,3
34,89
8,71
6,42
55,12
44,85
38,19
31,18
22,58
39,68
42,43
15,27
99,48
73,26
84,41
0,73
53,91
51,65
86,12
87,51
52,74
61,24
88,61
30,48
85,93
40,21
65,46
30,28
46,81
77,84
89,1
0,55
23,60
92,66
49,56
2,56
85,45
26,45
16,4
41,40
34,42
10,59
46,17
73,26
67,34
63,71
4,19
71,67
29,87
43,68
91,46
11,31
0,80
70,38
35,10
73,21
15,90
82,67
43,34
70,38
13,43
96,43
78,56
57,42
54,19
50,33
39,31
5,78
99,11
74,23
49,9
93,73
12,59
99,52
30,99
44,38
66,4
58,94
54,97
30,11
75,61
46,36
15,91
91,47
83,14
19,10
76,31
27,47
61,61
58,66
41,3
84,63
63,96
99,84
24,26
35,28
58,36
6,39
2,90
77,60
17,25
51,77
93,98
34,84
36,4
67,2
97,56
22,23
22,69
67,60
94,47
79,75
73,10
46,51
66,22
8,13
91,11
7,28
91,84
3,82
59,91
62,37
6,41
64,5
86,79
41,71
62,6
37,26
76,30
54,35
56,64
65,33
19,96
51,95
63,49
18,49
48,88
8,56
26,41
17,7
4,25
8,56
2,12
18,14
36,54
35,78
7,38
64,36
48,3
12,76
58,37
48,90
38,2
86,2
37,49
57,64
47,36
67,9
7,45
75,48
92,26
88,35
74,66
32,83
29,98
86,49
33,36
10,52
81,43
40,78
18,45
82,54
47,25
32,58
47,25
30,36
2,39
95,11
20,72
15,76
44,97
0,64
35,26
83,86
76,78
77,69
30,9
43,94
36,37
66,38
40,60
29,14
77,40
63,75
5,54
16,83
51,74
26,82
76,86
7,9
43,63
88,66
87,89
62,5
38,79
57,55
90,71
41,52
17,59
65,33
21,30
45,29
90,49
88,93
45,71
89,81
45,15
80,29
20,89
45,91
65,98
27,78
52,8
25,49
50,83
70,87
30,77
33,63
43,61
69,19
11,41
52,43
30,13
14,65
73,58
25,0
18,63
62,50
56,70
19,88
49,14
83,5
28,68
83,32
70,32
68,78
7,32
88,8
49,41
69,74
3,81
35,75
96,99
89,52
66,87
92,44
55,3
36,99
41,1
27,49
36,5
50,28
38,58
16,20
51,46
72,59
67,8
93,40
85,58
79,91
29,34
24,90
70,37
25,19
2,86
78,88
74,4
56,89
14,39
57,53
90,22
98,39
65,99
58,83
36,25
30,89
12,5
78,19
49,89
96,0
46,15
46,1
16,35
43,24
96,13
34,75
6,56
38,77
50,67
46,33
96,17
57,89
69,98
43,22
0,73
36,35
87,84
61,46
68,35
41,1
43,9
93,10
40,53
54,41
78,16
56,78
58,73
93,40
39,23
72,41
33,18
43,84
19,86
83,25
16,26
51,90
1,82
32,37
24,97
40,98
88,49
21,60
79,6
5,75
43,3
49,30
91,56
43,5
25,79
92,65
41,24
53,99
81,16
19,77
74,35
45,94
7,76
88,51
37,66
35,93
51,77
38,84
8,24
54,3
89,52
54,76
84,86
50,88
49,30
57,17
4,52
47,25
87,79
34,33
53,46
78,80
80,64
75,96
31,82
10,50
66,37
8,2
57,28
71,39
6,52
11,16
88,64
3,24
32,96
90,33
60,8
39,37
50,7
13,66
1,24
92,17
50,50
68,82
68,28
82,84
3,48
40,57
1,29
67,31
51,69
58,23
99,70
44,16
60,20
87,3
76,71
19,23
75,30
72,39
96,43
86,12
13,55
53,0
67,59
70,21
99,57
25,60
11,85
40,83
45,74
77,40
31,87
18,92
26,44
4,27
89,91
92,66
95,88
32,45
29,11
35,91
94,14
32,20
39,57
34,39
13,12
71,0
21,31
81,86
10,58
24,48
1,61
78,30
67,2
97,14
25,29
39,5
72,27
76,23
1,25
91,6
91,49
23,80
65,68
58,19
56,62
17,44
74,45
2,35
14,91
10,31
74,88
49,46
32,18
94,26
41,78
55,72
22,22
35,89
80,87
27,98
78,8
24,73
75,21
70,28
91,53
5,45
34,68
63,23
77,21
19,60
91,89
95,23
88,65
98,62
12,3
23,16
26,64
20,24
79,13
82,24
51,89
68,29
47,83
45,89
87,59
88,72
75,17
67,72
34,17
62,70
80,0
59,75
80,71
64,36
59,55
71,52
74,31
83,88
95,11
60,47
18,5
88,55
63,24
39,94
22,12
13,51
30,39
86,48
49,58
98,89
68,1
16,25
28,22
99,56
80,27
87,55
20,45
6,29
33,50
35,98
71,77
59,30
34,75
7,7
47,79
96,3
61,13
71,79
42,95
10,39
14,11
7,4
13,4
73,33
45,49
90,0
80,42
54,22
35,32
81,0
98,9
50,97
78,2
31,35
42,95
34,68
83,33
52,21
31,84
40,21
31,74
76,12
90,21
35,53
47,94
33,15
21,15
24,95
25,82
58,46
77,78
57,53
69,25
37,69
57,32
51,79
64,39
20,16
65,40
99,6
66,12
18,90
50,98
20,75
92,74
34,45
29,95
9,16
94,73
0,52
4,98
82,88
50,97
81,6
52,85
64,17
31,6
23,90
65,86
25,53
91,37
36,8
64,58
86,17
64,53
29,97
62,18
55,90
27,23
14,87
40,72
43,38
42,70
43,51
82,8
37,53
6,23
12,33
97,5
10,3
14,37
82,34
12,92
89,92
65,12
3,11
97,94
62,64
93,27
49,55
38,34
39,73
7,43
51,1
51,90
0,65
86,60
88,77
60,38
11,75
60,32
85,14
35,59
63,56
64,51
35,53
16,32
27,64
67,60
13,81
75,29
70,83
14,7
71,28
68,12
30,15
71,0
53,76
72,72
91,4
83,76
84,65
0,77
85,95
0,16
8,63
86,81
48,38
61,57
45,97
62,67
16,94
52,20
0,3
13,10
79,54
60,87
42,45
31,64
28,28
82,23
71,42
62,13
61,83
13,85
18,53
82,57
52,5
72,66
93,24
75,39
47,5
35,98
23,2
32,80
66,82
8,65
38,49
60,93
41,64
88,53
13,8
63,42
55,54
7,76
29,3
77,53
9,76
26,18
56,53
78,53
2,26
56,28
90,97
24,18
50,81
3,92
3,40
73,43
90,67
61,89
70,17
54,35
61,39
4,91
83,94
61,93
32,0
17,90
52,29
84,2
82,71
82,97
74,25
57,10
7,44
32,70
2,58
79,5
7,49
13,17
42,31
63,73
8,53
61,95
72,57
28,65
40,81
74,82
3,83
33,36
70,80
8,11
54,17
72,80
64,2
56,77
3,55
91,42
2,29
25,0
68,32
38,71
46,51
21,68
2,56
7,45
53,78
47,29
1,29
56,58
5,15
27,17
90,67
26,69
95,70
1,62
68,42
65,81
31,35
52,33
90,3
29,27
13,22
94,44
67,27
53,30
37,22
4,66
77,46
6,58
41,34
67,84
65,80
28,72
19,95
94,94
44,46
75,0
72,67
98,96
2,23
82,54
34,58
73,79
98,77
68,96
38,17
20,91
88,13
8,12
83,16
44,41
57,95
14,32
5,40
46,15
18,42
66,87
99,71
61,94
86,11
71,81
86,49
5,91
35,31
40,51
61,7
72,87
43,46
54,35
70,3
49,67
87,22
33,99
54,24
30,41
15,19
93,43
29,87
3,37
86,39
7,72
24,95
70,51
19,49
66,52
13,83
9,6
84,53
46,42
46,55
1,32
27,17
34,4
98,30
45,92
41,13
98,39
86,9
71,39
65,6
53,73
82,8
62,26
5,8
10,41
56,99
77,81
25,97
87,3
7,82
47,11
46,58
25,89
82,58
44,44
38,89
61,28
12,27
19,87
15,34
52,70
63,59
10,21
36,3
54,25
89,68
65,80
44,34
77,51
48,39
42,35
59,59
50,73
7,70
17,12
43,18
76,0
36,36
90,81
72,6
21,96
76,91
2,65
45,59
13,67
80,47
13,38
6,62
84,31
80,45
27,70
55,17
1,60
58,1
82,29
4,71
38,76
84,84
46,37
28,75
26,28
17,97
95,68
6,3
68,64
41,66
23,11
48,18
26,68
58,97
10,18
84,27
95,53
31,11
84,33
89,43
27,69
47,74
58,55
87,52
32,72
5,16
69,27
28,42
78,1
30,98
72,4
72,87
27,90
59,5
89,46
86,42
75,2
81,38
44,81
20,30
87,68
35,19
80,0
20,99
8,50
99,45
3,34
20,74
97,60
44,8
55,61
41,25
86,24
25,11
27,22
0,81
47,72
75,75
67,86
19,61
12,65
57,25
27,59
15,8
91,74
32,93
95,19
52,0
20,17
2,53
22,69
70,12
86,93
16,21
45,22
26,3
58,24
77,70
53,7
64,26
70,28
23,54
99,67
11,15
77,51
60,90
95,20
18,44
67,97
87,15
46,75
26,98
7,62
48,72
97,63
27,10
69,95
79,81
0,6
69,52
27,92
61,54
24,37
5,99
51,31
29,88
79,50
78,1
27,8
63,68
29,42
92,60
35,42
56,3
15,12
99,60
7,21
66,9
92,10
63,18
71,98
96,39
90,99
14,22
4,18
74,21
48,64
32,29
91,43
39,2
46,16
0,73
26,1
39,99
16,60
67,62
52,63
7,62
32,38
64,94
34,66
89,88
58,58
7,26
13,98
67,9
57,94
97,38
21,35
14,78
34,39
78,72
10,26
64,67
34,72
94,82
3,17
24,48
62,3
15,1
90,18
56,51
55,0
54,24
95,90
88,9
19,7
19,28
63,44
73,72
80,37
53,13
70,72
31,70
66,15
64,0
62,97
47,77
94,74
50,44
26,85
20,54
98,88
69,93
34,4
53,6
38,97
49,30
84,77
14,6
86,90
17,56
53,57
49,1
78,97
19,33
16,74
73,40
2,11
9,15
8,60
1,70
63,76
10,68
83,68
68,81
50,12
18,47
25,85
38,52
10,21
10,61
57,20
6,82
4,13
22,91
90,87
48,6
28,76
40,34
19,64
86,67
77,34
34,35
28,19
15,74
41,73
66,5
42,30
75,6
20,74
68,33
20,81
13,51
30,17
56,98
86,10
3,61
52,9
80,69
73,52
44,96
93,61
4,47
36,95
54,89
2,68
11,10
33,27
25,35
25,89
24,17
67,14
85,92
55,98
23,55
6,31
23,66
33,86
20,89
60,92
21,39
21,81
56,42
73,88
35,82
72,98
67,13
98,75
73,58
63,25
94,27
13,12
69,86
99,89
40,61
60,6
92,72
10,9
67,31
89,41
37,68
5,31
49,79
26,87
99,94
23,19
97,52
66,95
11,37
98,95
67,36
52,24
15,2
45,97
90,41
64,96
24,61
5,84
26,10
25,67
92,11
61,5
16,33
73,15
13,75
10,61
18,38
68,16
29,8
2,36
40,14
2,36
39,15
70,33
94,61
68,93
10,44
38,18
22,17
72,27
2,48
13,9
86,80
91,46
6,29
61,23
18,15
81,7
28,87
60,27
74,73
24,33
6,8
21,8
91,15
18,29
51,41
77,90
98,63
12,79
37,35
73,84
34,95
16,15
16,87
65,49
77,27
94,11
1,51
50,67
40,42
97,39
12,92
47,23
66,8
60,84
10,14
21,9
60,81
82,8
4,84
0,54
71,14
50,2
23,79
22,71
25,80
37,7
15,8
30,69
40,87
26,69
71,53
82,1
28,94
86,98
73,19
44,22
77,77
65,87
28,76
88,9
73,96
10,29
55,29
35,16
25,59
80,13
38,59
2,73
57,76
99,44
33,19
64,73
88,76
9,90
37,25
47,94
40,46
22,55
16,74
82,38
77,74
82,48
7,40
6,61
27,69
13,32
24,25
30,2
40,66
92,1
81,44
73,23
81,87
66,89
31,91
19,13
13,15
8,29
38,13
73,22
25,37
77,2
46,30
18,97
54,72
80,21
44,37
30,89
3,19
71,7
4,88
33,20
18,0
39,42
18,69
39,82
80,88
50,34
68,55
91,61
9,23
8,49
49,78
99,0
46,25
99,31
49,49
37,87
73,9
36,69
64,52
34,91
0,95
88,92
92,77
16,76
51,58
46,61
21,83
86,1
25,56
66,94
24,84
4,95
5,63
34,60
67,4
66,44
16,24
29,94
17,96
74,86
21,96
38,49
59,78
61,94
81,16
66,23
93,12
30,68
94,41
86,83
25,13
89,80
2,82
26,46
17,71
33,87
77,40
52,27
72,96
98,78
54,75
61,42
61,76
18,62
23,72
39,21
50,46
90,67
71,81
29,30
3,83
92,83
52,70
18,97
87,88
44,45
92,3
57,69
3,56
60,66
16,67
38,42
62,15
29,85
34,76
91,35
9,7
6,31
55,82
25,98
95,17
73,53
8,30
17,16
34,16
91,45
70,71
8,83
14,12
