99
444
3194
8068
3489
4061
7182
7966
326
7832
5209
5965
5148
4719
4142
3093
877
9816
8436
6034
5053
3355
2426
905
9842
6554
4520
2330
9093
6796
4265
3053
97
8939
8689
7108
7276
6118
3855
3022
1034
718
8188
6091
3515
9907
7901
7299
4392
2217
1076
8331
4709
2066
8600
6078
2976
1044
9089
5338
2630
9427
5946
1918
8926
5782
2176
9793
6041
3061
29
7652
5189
1275
8017
4001
1017
8512
7284
4460
2452
9719
7418
6341
6186
6310
5346
3553
3590
2385
722
1093
6664
9741
9738
1645
1316
2336
3716
0
99
5487
3408
8128
4073
4135
7322
8022
376
7908
5311
5985
5207
4742
4250
3218
980
62
8445
6140
5152
3461
2511
940
9872
6578
4556
2335
9154
6963
4375
3135
118
8985
8740
7159
7518
6133
3905
3067
1051
728
8427
6120
3525
200
7941
7302
4546
2405
1156
8449
4812
2221
8674
6194
2991
1203
9303
5340
2656
9498
5960
1930
9005
5825
2203
9850
6062
3079
55
7663
5281
1290
8259
4099
1074
8566
7379
4463
2880
9720
7512
6399
6229
6455
5379
3569
3609
2455
995
1193
6819
9819
209
1668
1579
2947
4140
0
99
526
3485
8142
4589
4223
7359
8050
399
7926
5397
6018
5274
4829
4264
3267
1024
155
8453
6243
5166
3477
2596
946
9921
6647
4598
2394
9312
7248
4446
3195
119
9006
8763
7286
7520
6230
4041
3157
1080
806
8491
6131
3532
342
7944
7386
4749
2421
1511
8463
4892
2227
8696
6262
3010
1356
9326
5405
2719
9524
6007
1959
9009
5993
2312
79
6154
3269
126
7841
5403
1295
8267
4102
1122
8596
7412
4477
2901
9831
7732
6580
6308
6481
5484
3839
3622
2480
1078
1198
6894
9859
689
2654
1684
2969
5181
0
99
2476
3813
8171
4825
4365
7445
8206
432
7942
5421
6032
5509
4901
4412
3325
1029
284
8488
6305
5295
3575
2631
952
9927
6750
4711
2425
9510
7293
4486
3212
143
9206
8799
7330
7761
6535
4137
3181
1084
846
8660
6176
3538
373
8127
7477
4777
2522
1705
8498
4973
2297
9204
6275
3096
1409
9353
5452
2729
9562
6146
1961
9119
6065
2460
107
6160
3296
167
7892
5457
1300
8300
4119
1137
8677
7499
4547
2916
9953
7771
6624
6441
6498
5495
3888
3652
2501
1101
1284
6995
72
815
2700
2390
3225
6736
0
99
2568
3980
8317
5056
4604
7783
8439
449
8029
5562
6116
5749
4935
4565
3427
1098
289
8635
6314
5375
3831
2636
1040
9939
6769
4728
2518
9558
7587
4631
3420
301
9411
8810
7398
7880
6583
4187
3335
1135
913
8693
6199
3642
407
8217
7534
4813
2598
1769
8511
5073
2363
9492
6424
3109
1531
9359
5499
2855
9563
6161
1968
9201
6072
2553
174
6195
3381
186
7964
5684
1367
8338
4274
1176
8681
7565
4642
2989
9969
7837
6642
6646
6672
5570
3924
3781
2592
1218
1407
7039
451
1038
2752
2486
4506
8842
0
99
3370
4036
8761
5100
4683
7846
8774
530
8036
5646
6157
5828
4986
4584
3536
1141
348
8824
6322
5603
3836
2902
1310
9940
6987
4852
2550
9605
7745
4650
3478
491
9448
8858
7426
7933
6596
4239
3385
1160
919
8735
6328
3681
423
8403
7542
4939
2652
1803
8526
5107
2514
9525
6559
3284
1563
9384
5553
2950
9597
6245
1994
9267
6211
2767
251
6351
3444
203
8356
5792
1444
8409
4320
1188
8887
7588
4659
3026
9976
7856
6657
6747
6726
5578
4138
3879
2602
1245
1546
7121
541
1185
2852
3170
5046
2314
0
99
3584
4352
8884
5475
5005
7883
8891
594
8046
5701
6329
6110
5080
4660
3539
1175
447
8943
6422
5634
3838
2937
1350
9942
7066
4863
2701
9615
7795
4699
3550
506
9513
8908
7430
8102
6635
4443
3435
1225
972
8830
6368
3685
494
8618
7993
5084
2911
1999
8560
5119
2525
9566
6585
3419
1826
9477
5619
2966
9665
6267
2050
9409
6244
2910
282
6415
3528
210
8396
5880
1496
8514
4419
1292
8909
7598
4897
3064
61
7897
6709
6968
6741
5775
4189
3890
2608
1395
1554
7124
576
1270
2856
3243
5672
2572
0
99
4006
4822
9020
6047
5009
8247
8899
640
8074
5734
6532
6177
5137
4692
3648
1224
586
8944
6444
5729
3901
2996
1376
17
7098
4933
2770
9617
7796
4856
3561
631
9653
8934
7454
8120
6684
4453
3447
1659
1079
8852
6374
3731
537
8631
8047
5183
3058
2133
8578
5139
2600
9606
6631
3560
1900
9520
5630
3118
9758
6274
2054
9413
6378
2948
324
6420
3533
278
8724
5882
1565
8532
4468
1326
8962
7684
4920
3080
115
8101
6733
7035
6864
5812
4259
3928
2671
1431
1910
7190
627
1473
2922
3320
5845
5912
0
99
5151
5179
9132
6215
5431
8280
9000
650
8082
5806
7071
6188
5314
4814
3826
1343
622
8969
6484
5762
3915
3000
1506
217
7256
5048
2788
9810
7813
4869
3595
707
9659
9008
7540
8152
6831
4455
3556
1676
1298
8866
6398
3795
756
8764
8180
5193
3101
2179
8579
5271
2638
9643
6660
3607
1905
9630
5640
3133
9766
6336
2551
9414
6402
2963
325
6617
3534
381
8745
5898
1671
8721
4594
1340
9043
7824
4942
3094
136
8151
6845
7088
6882
5982
4297
4113
2698
1503
1914
7360
715
1789
2958
3857
7306
9913
0
98
5776
5359
9323
6458
5687
8299
9234
661
8158
5816
7364
6295
5520
4926
3829
1384
753
8971
6502
5803
4032
3076
1713
233
7280
5072
2790
9817
7937
4894
3629
803
9690
9010
7748
8285
6902
4475
3774
1735
1334
8905
6702
3835
770
8790
8500
5285
3283
2332
8649
5289
2646
9666
6703
3658
2004
9681
5674
3163
9789
6354
2574
9575
6553
3099
383
6734
3571
456
8813
5955
1685
8788
4817
1417
9085
7882
4959
3174
247
8169
6979
7196
6941
6030
4416
4169
2940
1693
1940
7421
882
1842
3673
4318
7773
0
98
5917
5626
9479
6994
6126
8416
9253
705
8213
5824
7381
6421
5638
4966
3846
1414
789
9007
6565
5900
4091
3165
1931
288
7494
5074
3200
9983
7980
5065
3719
809
9894
9014
7764
8363
6928
4505
3850
1763
1335
8954
6762
3963
774
8816
8524
5290
3362
2450
8725
5301
2669
9785
6817
3734
2032
9736
5747
3210
9797
6457
2618
9618
6561
3193
476
6744
3581
499
8968
5956
1733
8890
4833
1428
9199
7991
4991
3270
359
8255
7137
7666
6955
6048
4448
4278
2981
1981
1993
7569
941
2086
3907
4566
7893
0
98
6758
5992
9670
7746
6282
8440
9285
798
8257
5923
7409
6537
5852
5003
3865
1421
988
9146
6587
5988
4123
3266
1990
303
7519
5118
3242
9991
8175
5150
3777
1014
9916
9087
7791
8442
7025
4607
3861
1933
1400
9048
6782
3987
872
8894
8539
5474
3452
2459
8727
5327
2733
9821
6829
3735
2065
9755
5759
3373
9809
6460
2683
9633
6629
3274
556
6766
3674
520
8994
5990
1743
8995
4884
1525
9215
8026
5062
3298
425
8477
7153
7701
6960
6190
4597
4281
3015
2002
2052
7614
1105
2375
4050
5248
8553
0
98
7199
6202
9692
7884
6465
8448
9337
1148
8350
5930
7470
6557
5919
5023
3884
1468
1227
9161
6616
5991
4219
3330
2015
323
7528
5144
3247
34
8191
5184
3780
1138
25
9103
8007
8628
7028
4621
4019
1987
1418
9100
6825
4170
1425
9001
8630
5505
3535
2540
8798
5339
2791
9852
6922
3830
2127
9780
5848
3375
9825
6485
2737
9698
6634
3365
630
6801
3690
538
9017
6021
1750
9055
4958
1591
9283
8204
5103
3306
462
8485
7225
8335
6961
6214
4648
4528
3120
2011
2338
7763
2165
2433
4747
5454
9208
0
98
7305
6266
9764
8432
6767
8959
9548
1157
8478
5945
7476
6573
5979
5047
3958
1584
1238
9164
6622
6056
4235
3513
2051
454
7579
5174
3304
228
8210
5200
4004
1164
138
9316
8146
8708
7292
4629
4132
1995
1470
9141
6837
4193
1491
9058
8673
5656
3579
2607
8802
5378
2898
9883
7017
3860
2135
9783
5868
3410
9888
6513
2769
9776
6682
3402
666
6911
3799
567
9022
6073
1800
9095
4970
1622
9504
8286
5344
3403
624
8489
7266
8390
7043
6290
4681
4663
3145
2021
2699
7772
2267
2566
4785
5504
9330
0
98
394
6379
9839
8561
6861
9227
9699
1192
8748
6059
7560
6643
6089
5058
4010
1633
1263
9357
6656
6123
4277
3545
2057
470
7612
5293
3323
261
8250
5296
4055
1216
152
9361
8301
8817
7331
4771
4327
2239
1527
9156
6860
4243
1498
9151
8682
5780
3651
2714
8856
5398
2930
9937
7020
3943
2136
9798
5884
3696
56
6538
2823
9800
6723
3422
843
6916
3803
600
9092
6101
1895
9140
5114
1653
9507
8378
5374
3475
693
8770
7294
8624
7055
6361
4741
4703
3260
2047
2800
7787
2328
2747
5291
5788
534
0
98
2939
6529
101
8625
7382
9256
9729
1194
8779
6128
7781
6663
6242
5068
4060
1773
1311
9572
6701
6203
4285
3647
2092
519
7694
5363
3404
300
8295
5328
4151
1261
185
9405
8307
8993
7343
4815
4439
2255
1574
9176
6909
4261
1652
9225
8687
5787
3708
2753
8873
5399
3122
9996
7107
3971
2173
87
5908
3705
78
6574
2897
9846
6816
3431
875
6938
3893
776
9235
6292
2010
9309
5156
1712
9545
8381
5382
3476
962
8806
7361
8671
7239
6443
4981
4867
3521
2123
2938
7851
2334
2882
5460
6293
832
0
98
3994
6623
108
8795
7451
9458
9934
1293
8780
6141
7918
6680
6260
5090
4071
2307
1353
9682
6725
6425
4346
3676
2113
547
7729
5383
3437
378
8311
5335
4203
1271
304
9506
8422
9097
7435
4858
4461
2268
1689
9217
6935
4330
1951
9350
8860
5801
3824
2775
8914
5441
3168
19
7136
4153
2178
291
5996
3717
106
6653
2899
33
6828
3450
902
6978
3911
851
9242
6371
2093
9398
5199
1764
9637
8382
5393
3511
1032
8906
7608
8679
7320
6448
5042
4995
3725
2177
3616
7962
2350
3025
5666
6466
1166
0
98
4690
6670
273
8896
7776
9470
8
1354
8849
6261
7960
6689
6276
5101
4105
2414
1479
9693
6760
6500
4409
3701
2154
580
8069
5467
3465
396
8464
5442
4269
1372
465
9517
8537
9179
7483
4979
4697
2347
1699
9219
7094
4332
1964
9433
8888
5818
3856
2813
8928
5479
3192
50
7247
4176
2195
292
6167
3762
146
6718
3042
37
6908
3633
904
7065
3912
911
9254
6380
2142
9586
5310
1878
9790
8529
5429
3662
1291
8907
7611
8766
7389
6715
5044
5115
3820
2246
3797
8001
2534
3220
5807
7138
2431
0
98
4707
7210
274
8964
8077
9640
213
1396
9025
6304
7976
6742
6278
5238
4230
2445
1526
9710
6854
6601
4449
3723
2291
834
8137
5541
3467
442
8475
5531
4286
1443
521
9808
8540
9252
7649
4987
4698
2466
1810
9260
7140
4354
2064
9583
8911
5859
3942
2869
9011
5641
3258
182
7291
4339
2207
429
6174
3840
150
6889
3205
46
6937
3805
1127
7201
4024
965
9351
6393
2360
9655
5313
1929
20
8575
5444
3748
1439
8996
7627
8973
7626
7058
5063
5120
3874
2286
4136
8078
2795
3527
6207
7862
3052
0
98
6025
7823
276
9245
8080
9648
214
1702
9104
6396
7997
6763
6397
5336
4234
2538
1594
9725
6865
6607
4452
3859
2306
884
8279
5545
3604
510
8545
5658
4322
1484
525
9962
8683
9305
7712
4988
4946
2580
1837
9695
7147
4411
2288
9613
9153
6137
3944
2872
9034
5777
3282
312
7461
4361
2327
469
6209
3917
416
6900
3276
242
6953
4025
1142
7206
4056
1072
9403
6412
2578
9661
5414
2024
64
8718
5492
3834
1537
9021
7855
8999
7875
7073
5093
5283
4038
2301
4358
8150
3230
4015
6840
8123
3405
0
98
6064
7935
389
9295
8412
9685
216
1734
9148
6414
8111
6927
6450
5409
4376
2639
1797
9784
6950
6627
4673
3878
2531
898
8287
5618
3761
554
8570
5761
4356
1558
544
58
8704
9319
7730
5178
5231
2682
1861
9826
7194
4437
2368
9677
9269
6289
4184
2884
9108
5834
3291
345
7480
4503
2371
487
6303
4084
655
6933
3376
379
7034
4150
1146
7372
4068
1159
9424
6447
2844
9705
5528
2124
95
8754
5613
4178
1592
9105
7886
9027
7920
7120
5182
5443
4088
2378
4484
8185
3324
4212
7090
8220
3432
0
98
7890
8032
584
9678
8417
9722
455
1915
9453
6630
8383
7018
6510
5445
4377
2657
1938
44
7019
6665
4874
4104
2661
1058
8333
5694
3779
696
8587
5839
4370
1601
641
74
8791
9401
7734
5387
5247
2764
1904
9964
7195
4517
2373
31
9271
6377
4289
2919
9126
5902
3455
390
7604
4605
2391
497
6313
4177
673
6974
3448
478
7054
4220
1199
7500
4072
1299
9456
6525
2886
9787
5543
2356
120
8782
5698
4363
1834
9129
7988
9172
8100
7155
5213
5471
4139
2470
4687
8377
3605
4249
7311
8669
4218
0
98
8004
8252
607
9773
8987
9807
561
1980
9607
7077
8384
7041
6576
5518
4417
2985
2038
52
7122
6749
5019
4108
2782
1106
8446
5719
3801
883
8717
5878
4399
1654
844
285
8841
9634
7809
5456
5394
2876
1928
125
7228
4548
2410
131
9317
6666
4402
2928
9147
6044
3462
420
7647
4831
2424
501
6324
4260
720
6999
3587
515
7237
4254
1234
7516
4147
1330
9474
6636
2994
9871
5661
2376
239
8811
5699
4511
1840
9212
8018
9459
8170
7341
5264
5608
4213
2481
4919
8402
4046
4748
7332
8800
4784
0
98
9904
8284
633
268
9391
9832
701
2118
9704
7179
8385
7091
6673
5536
4909
3288
2041
99
7288
6780
5076
4200
2862
1158
8470
5766
3837
975
8728
5974
4479
1976
967
322
8882
9646
7939
5483
5453
2881
1950
194
7233
4657
2471
147
9329
6711
4405
2932
9187
6185
3640
438
7950
4976
2641
560
6442
4270
831
7000
3796
551
7245
4422
1237
7541
4387
1368
9493
6685
3077
9880
5671
2386
307
8862
5746
4633
1855
9449
8025
9486
8183
7350
5400
5609
4228
2593
4999
8493
4321
4944
7742
9098
5030
0
98
9982
9526
636
354
9529
9848
854
2181
9713
7297
8487
7203
7074
5752
5075
3345
2058
175
7319
6875
5348
4247
2926
1168
8531
5810
3854
1005
8880
6008
4483
2068
1092
352
8898
9708
8011
5516
5461
2900
1963
445
7321
4704
2495
328
9362
6759
4538
2949
9251
6227
3654
484
7977
4989
2816
605
6521
4323
923
7082
3812
680
7385
4431
1242
7563
4432
1499
9547
6690
3154
9902
5685
2441
344
8915
5789
4721
1942
9531
8098
9534
8465
7365
5559
5662
4275
2605
5006
8506
4575
5024
7910
9841
6536
0
98
836
9527
764
620
9559
9867
1172
2233
9928
7440
8688
7313
7097
5947
5221
3356
2145
179
7394
6934
5579
4480
3736
1264
8593
5826
3862
1117
8947
6087
4518
2174
1171
363
8910
9851
8045
5537
5500
2962
2040
571
7352
4715
2584
332
9379
6778
4609
2964
9272
6340
3750
553
7982
4996
2825
625
6522
4401
950
7141
3852
688
7400
4488
1244
7724
4729
1564
9651
6826
3272
3
5709
2649
347
8929
5998
4781
1947
9539
8288
9584
8503
7414
5677
5895
4445
2642
5294
8509
4717
5088
7955
9992
7537
0
98
1214
9833
959
669
9604
9873
1487
2437
11
7543
8734
7427
7265
6002
5263
3397
2273
193
7471
7092
5957
4526
3810
1552
8650
5861
3875
1229
9041
6183
4571
2184
1195
374
8916
9887
8189
5585
5670
2990
2063
583
7631
4760
2594
358
9386
6844
4724
3189
9278
6470
3922
838
8095
5125
2870
653
6719
4680
971
7241
3870
712
7481
4495
1289
7867
4810
1617
9671
6842
3512
10
5725
2713
418
8990
6069
4790
1971
9660
8303
9683
8603
7527
5712
5914
4542
2679
5502
8522
4821
5244
8302
51
7571
0
98
1349
160
1019
918
9616
9930
1721
2530
141
7643
8747
7602
7417
6052
5476
3421
2299
205
7586
7184
6001
4603
3956
1599
8874
6220
3919
1294
9178
6530
4602
2244
1265
532
9003
9971
8499
5595
5679
3056
2072
852
7792
4915
2676
410
9518
6857
4788
3254
9293
6473
3970
937
8135
5154
3088
660
6732
4686
974
7323
4074
734
7556
4535
1302
7887
4841
1635
9760
6849
3582
140
5739
2760
489
9031
6208
4932
2023
9734
8586
9709
8636
7607
5768
5939
4549
2756
5506
8565
4906
5245
8305
172
7641
0
98
1567
502
1120
998
9667
114
1965
2606
414
7650
8848
7630
7428
6070
5586
3488
2430
229
7803
7232
6050
4624
3966
1631
9065
6252
3998
1346
9226
6569
4639
2289
1333
765
9143
9979
8564
5607
5904
3173
2139
1018
7810
4965
2766
623
9552
6914
4899
3285
9321
6528
4017
943
8165
5185
3104
711
6918
4895
993
7415
4233
741
7629
4672
1319
7978
4860
1666
9906
6939
3688
264
5944
2797
559
9044
6550
5164
2130
9844
8765
9769
8710
7670
5901
6022
4668
2786
5696
8646
5427
5508
8938
238
7755
0
98
1886
628
1197
1410
9837
177
1966
2736
479
7808
8989
7675
7491
6164
5591
3499
2524
295
7864
7326
6054
4626
3988
1845
9135
6306
4026
1366
9346
6582
4670
2492
1394
840
9160
111
8642
5610
5913
3186
2161
1170
7914
5021
2868
629
9654
6971
4916
3433
9335
6606
4031
954
8195
5784
3107
772
6948
4952
994
7473
4301
824
7673
4903
1405
8091
4879
1946
9947
7084
3699
318
6079
2875
609
9074
6608
5201
2144
9909
8796
9830
8756
7682
5971
6249
4676
2809
5795
9068
5535
5558
9030
569
7800
0
98
2509
958
1262
1459
9949
681
2005
2750
500
7814
9081
7848
7852
6171
5653
3508
2576
562
7934
7351
6235
4656
4037
1849
9162
6362
4048
1512
9378
6584
4823
2497
1416
878
9399
134
8733
5829
5915
3429
2201
1190
7969
5022
2908
710
9721
7015
4923
3585
9369
6710
4066
1060
8346
5864
3116
790
7010
4964
1020
7651
4424
826
7688
5129
1602
8139
4883
1956
9958
7187
3816
337
6081
3031
731
9231
6626
5219
2213
57
8809
9843
8960
7706
6108
6283
4759
3014
5978
9069
5540
6193
9408
935
8344
0
98
3178
1280
1328
1516
135
683
2084
2798
533
7838
9184
7857
8003
6172
5804
3706
2623
577
7936
7367
6280
4725
4224
2000
9169
6372
4117
1566
9430
6620
4843
2552
1505
1026
9600
145
8801
6119
5963
3459
2252
1255
8040
5124
2909
829
9753
7173
4963
3668
9402
6797
4067
1071
8458
6040
3119
814
7024
4980
1033
7717
4447
855
7802
5216
1628
8147
4891
1997
15
7192
3921
340
6092
3036
732
9274
6800
5316
2263
73
8889
9924
9029
7917
6114
6638
4848
3201
6094
9175
5601
6217
9447
1757
8583
0
98
3906
1387
1359
1660
163
880
2115
2858
557
7881
9286
7984
8035
6250
5938
3853
2705
610
7970
7405
6316
4846
4251
2089
9364
6386
4124
1718
9443
6687
4921
2828
1513
1064
9723
158
8868
6151
6024
3468
2555
1344
8079
5195
2967
987
9920
7274
5067
3740
9508
6836
4087
1116
8473
6083
3130
858
7040
4994
1125
7741
4474
973
7879
5227
1658
8218
4955
2132
91
7221
3936
411
6143
3074
1187
9282
6888
5347
2326
329
8892
32
9045
7938
6155
6777
4857
3207
6238
9360
5664
6773
9495
2612
76
0
98
4302
1446
1475
1661
293
1102
2159
2860
581
7994
9325
8066
8053
6270
6012
4414
2724
617
8044
7420
6392
4893
4487
2198
9400
6491
4231
1737
9496
6738
4954
2923
1529
1167
9749
189
8869
6189
6107
3519
2587
1352
8087
5197
2979
1028
88
7336
5127
3755
9591
6874
4134
1152
8480
6099
3139
894
7093
5004
1201
7770
4524
1006
7909
5381
1700
8228
5104
2204
243
7238
3959
461
6196
3125
1738
9372
6896
5351
2345
350
8974
48
9137
8006
6277
7117
4873
3239
6395
9497
5742
6809
9574
2952
1732
0
98
4307
2799
1508
2229
356
1126
2241
2864
708
8138
9352
8244
8260
6312
6015
4444
2751
706
8099
7529
6571
5002
4489
2225
9426
6497
4326
1867
9711
6770
4974
2934
1551
1204
9803
195
8878
6234
6144
3624
2644
1364
8264
5242
3069
1099
181
7408
5160
3819
9635
6892
4185
1305
8542
6106
3140
947
7150
5025
1212
7853
4601
1047
7948
5404
1722
8234
5113
2238
428
7335
3961
558
6241
3127
1851
9652
6996
5412
2362
430
9023
86
9538
8034
6311
7143
5015
3259
6405
9588
6005
6823
9703
3112
2325
0
98
4881
2806
1854
2258
473
1140
2358
2871
783
8272
9394
8282
8308
6434
6125
4507
2838
1045
8143
7574
6599
5007
4502
2266
9472
6588
4386
1936
9716
7042
4993
3068
1586
1385
9968
199
9039
6271
6166
3749
2712
1397
8405
5277
3222
1134
346
7503
5191
3858
9701
7129
4313
1383
8645
6453
3166
1089
7151
5071
1250
7967
4787
1048
8182
5587
1736
8291
5123
2243
531
7338
3965
578
6338
3229
1875
9869
7037
5511
2458
493
9073
260
9612
8275
6469
7191
5031
3383
6519
9649
6122
7016
9915
3368
2477
0
98
7333
3287
2096
2293
575
1269
2397
2883
932
8369
9463
8389
8431
6504
6307
4554
3250
1081
8376
7628
6761
5011
4504
2280
9488
6639
4454
2067
9750
7085
5037
3095
1604
1494
9989
250
9076
6373
6228
3871
2731
1447
8538
5300
3237
1306
403
7532
5192
3957
9847
7193
4335
1497
8744
6456
3244
1223
7170
5145
1254
8021
4854
1077
8198
5602
1755
8352
5131
2260
539
7377
4029
621
6356
3232
1957
9881
7047
5691
2490
797
9133
467
9645
8283
6479
7207
5050
3460
6781
9696
6288
7119
535
4002
2680
0
98
7462
3445
2211
2479
579
1336
2435
2885
1180
8372
9919
8518
8508
6543
6365
4638
3264
1145
8602
7736
6790
5081
4516
2302
9505
6645
4476
2073
9818
7222
5116
3203
1780
1615
9994
258
9113
6475
6263
3876
2754
1467
8551
5353
3277
1500
496
7539
5196
3990
9908
7366
4368
1640
9079
6471
3246
1303
7312
5175
1451
8090
4945
1404
8227
5663
1784
8407
5234
2329
593
7378
4052
663
6440
3297
1988
9951
7056
5822
2499
1053
9182
582
9747
8342
6489
7243
5303
3631
6818
16
6632
7397
1557
4197
3111
0
98
7624
3720
2256
2599
590
1341
2647
3066
1226
8443
9932
8568
8517
6544
6407
4669
3265
1282
8613
7854
6795
5083
4553
2406
9532
6667
4492
2186
9903
7278
5392
3541
1883
1691
85
270
9183
6539
6436
3914
2801
1481
8598
5428
3278
1568
503
7562
5342
4043
9945
7401
4393
1642
9086
6552
3346
1312
7353
5205
1588
8109
5057
1412
8362
5668
1801
8591
5287
2369
597
7399
4144
757
6533
3500
2117
156
7060
5855
2502
1090
9203
619
9771
8351
6563
7269
5354
3650
6852
164
6658
7468
1916
4720
3342
0
98
7637
3938
2309
2796
659
1504
2707
3082
1232
8544
9986
8588
8523
6708
6591
4736
3319
1517
8711
7965
6965
5141
4608
2440
9560
6841
4636
2206
9912
7316
5401
3669
1972
1692
204
360
9218
6625
6697
4011
2893
1528
8680
5628
3372
1649
668
7667
5523
4096
9967
7495
4394
1706
9114
6590
3351
1358
7374
5220
1624
8114
5092
1445
8418
5708
1820
8797
5380
2544
647
7411
4159
760
6598
3506
2216
305
7145
5871
2564
1118
9376
684
9782
8469
6633
7283
5368
3948
6951
956
6724
7807
1948
4755
3472
0
98
8340
4162
2340
3092
682
1638
2768
3131
1267
8620
7
8776
8698
6890
6602
4840
3326
1749
8722
8121
6977
5142
4695
2464
9579
7231
4644
2278
9922
7486
5466
3672
1974
1751
223
370
9228
6695
6714
4226
2925
1542
8854
5688
3388
1703
714
7686
5524
4126
9995
7544
4543
1824
9125
6597
3601
1362
7395
5224
1695
8145
5097
1449
8510
5735
1829
8863
5407
2559
679
7444
4172
762
6659
3555
2247
355
7202
5920
2672
1179
9390
730
9791
8533
6788
7329
5458
4148
7172
1351
6921
7828
2918
6150
4467
0
98
8447
4246
2449
3359
754
1672
2907
3180
1355
8720
41
8804
8812
7023
6628
4844
3374
1754
8753
8153
7036
5165
4818
2473
9593
7273
4646
2351
2
7575
5542
3675
2048
1827
225
457
9258
6712
6730
4238
2935
1575
8997
5741
3400
1760
773
7738
5597
4129
69
7678
4576
1831
9127
6810
3670
1403
7497
5330
1748
8343
5186
1682
8515
5743
1909
8912
5440
2820
863
7446
4293
779
6705
3573
2261
658
7384
5926
2757
1202
9465
766
9822
8676
6824
7337
5478
4204
7200
1389
6946
7940
3787
6348
4485
0
98
9313
4541
2542
3665
839
1707
3032
3290
1386
8726
92
8857
8921
7051
6804
4929
3507
1767
8827
8192
7158
5170
5102
2513
9838
7393
4710
2353
30
7613
5692
3864
2189
2158
257
482
9340
6735
6834
4464
3128
1656
9015
5767
3490
1996
793
7757
5727
4190
161
7680
4627
1866
9200
6885
3972
1478
7530
5355
1846
8371
5255
1731
8525
5791
1958
8941
5472
2850
1055
7458
4299
787
6877
3576
2323
694
7423
5937
2817
1221
9485
795
9973
8714
6929
7407
5489
4295
7244
1392
7044
8571
3832
6432
4610
0
98
9687
5211
2665
3718
945
1725
3103
3338
1433
8750
159
8875
8988
7089
6847
5217
3574
1813
8838
8193
7160
5210
5275
2526
9866
7463
4722
2456
49
7615
5757
3904
2276
2726
281
549
9374
6752
6926
4764
3226
1850
9118
5847
3608
2210
810
7768
5744
4271
198
7806
4635
1908
9207
6886
4018
1548
7610
5388
2088
8426
5323
1973
8574
5925
2095
8951
5526
3023
1065
7550
4311
820
6931
3818
2339
738
7508
5976
2941
1233
9500
1056
9997
8808
6944
7465
5496
4324
7345
1520
7112
8958
4229
7133
5010
0
98
272
5525
2905
3851
957
1792
3124
3340
1518
9064
178
8901
9158
7318
6872
5252
3593
1902
8970
8199
7176
5318
5326
2532
9893
7482
4770
2632
151
7656
5774
3937
2418
2784
335
592
9428
6806
6981
4898
3292
1943
9131
5849
3769
2269
817
7874
5778
4283
208
7928
4798
2087
9213
6936
4095
1550
7708
5486
2137
8467
5358
2022
8582
6020
2105
9026
5717
3371
1379
7657
4493
892
7102
3900
2416
802
7581
5987
2984
1373
9501
1075
1
8819
6986
7507
5501
4591
7584
1935
7257
9163
4298
7502
5253
0
98
1062
5592
3050
3984
1008
1983
3132
3386
1522
9117
192
8922
9311
7564
6905
5517
3663
1912
9013
8319
7197
5334
5384
2575
9975
7644
4776
2658
255
7677
5877
4007
2648
2805
616
695
9441
6924
7052
4938
3295
2193
9157
5928
3882
2290
859
7878
5783
4343
275
7957
4842
2164
9237
6964
4128
1678
7737
5715
2253
8490
5360
2166
8615
6076
2162
9040
5737
3378
1509
7660
4519
924
7103
3939
2498
983
7697
5994
3024
1480
9578
1083
23
8840
7177
7523
5513
5096
7671
2034
7441
9287
4425
7804
5929
0
98
1228
5599
3367
4237
1257
1986
3231
3434
1571
9292
249
8927
9429
7589
7083
5530
3684
2079
9284
8550
7211
5373
5408
2597
36
7685
4779
2681
266
7859
5932
4058
2684
2839
677
782
9471
7050
7104
5000
3305
2215
9291
6075
3885
2366
1143
7929
5814
4350
306
8037
4859
2170
9261
7005
4221
1686
7778
5790
2287
8507
5369
2188
8751
6111
2214
9091
5740
3380
1667
7788
4551
979
7152
3951
2677
1035
7833
6066
3262
1778
9580
1121
184
8876
7255
7693
5564
5430
7698
2129
7555
9412
4941
7877
6153
0
98
1283
6063
3479
4371
1440
2012
3301
3514
1600
9396
286
8965
9511
7668
7118
5590
3724
2122
9315
8707
7223
5449
5426
2621
110
7722
4886
2742
367
8067
5989
4086
2861
2929
879
890
9594
7252
7185
5017
3310
2219
9332
6158
3973
2462
1448
8049
6068
4536
466
8041
4907
2202
9300
7007
4317
1696
8070
5916
2355
8597
5515
2235
8793
6135
2265
9334
5765
3392
1724
7817
4616
982
7300
4179
2944
1091
7843
6100
3406
1782
9608
1184
256
9038
7392
7793
5728
5433
7766
2251
8106
9627
5085
8270
7021
0
98
1897
6699
3578
4691
1507
2090
3509
3653
1621
9621
440
9122
9624
7943
7161
5627
3847
2128
9366
8781
7375
5462
5432
2685
218
8031
4985
2808
392
8276
6004
4241
3017
2978
977
901
9686
7576
7230
5117
3391
2377
9568
6180
4163
2563
1450
8237
6179
4569
644
8159
4961
2245
9320
7012
4328
1791
8176
5934
2411
8607
5521
2305
8918
6184
2318
9338
5808
3396
1843
7963
4694
1036
7356
4198
3029
1200
8020
6333
3591
1809
9743
1211
313
9307
7425
7863
5786
5567
7913
2415
8242
9795
5105
8437
7213
0
98
1923
7183
3764
4877
1559
2423
3603
3680
1687
9668
450
9191
9647
8103
7229
5763
3866
2200
9499
8865
7459
5584
5507
2709
294
8122
5126
2888
398
8398
6198
4306
3048
2987
1042
1021
9761
7591
7303
5333
3399
2419
9576
6191
4369
2663
1469
8238
6182
4612
678
8225
5012
2281
9348
7075
4413
1872
8186
5941
2503
8652
5569
2354
8946
6192
2337
9421
5887
3491
1926
7983
4806
1054
7422
4253
3159
1243
8042
6558
3594
1836
9744
1213
386
9324
7443
7998
5793
5616
7951
2666
8246
9827
5240
8521
7295
0
98
2320
7658
3844
4948
1795
2549
3614
3790
1729
9700
472
9233
9674
8164
7370
5832
3960
2226
9676
8904
7623
5615
5572
2763
297
8130
5267
3002
402
8401
6253
4395
3134
3070
1128
1266
9792
8112
7304
5377
3494
2454
9590
6287
4450
2758
1474
8293
6187
4632
700
8273
5033
2384
9356
7079
4440
1949
8520
5943
2614
8737
5583
2432
8956
6248
2404
9452
6013
3505
1967
8000
4882
1069
7450
4300
3179
1287
8254
6651
3599
2031
9923
1253
419
9410
7659
8105
5867
5651
8056
3012
8290
188
5514
8530
7904
0
98
3086
7690
3927
5169
1922
2585
3843
3913
1742
9857
508
9243
9812
8320
7383
5844
4045
2262
9788
8976
7625
5665
5675
2874
319
8156
5284
3171
437
8460
6302
4428
3141
3072
1278
1436
9858
8140
7442
5873
3677
2469
9730
6319
4537
2762
1489
8492
6218
4713
742
8535
5317
2401
9393
7308
4529
1952
8528
6159
2792
8738
5598
2512
9082
6480
2409
9564
6084
3703
1978
8096
4889
1073
7639
4397
3216
1297
8278
6655
3712
2085
148
1345
439
9464
7683
8155
6093
5764
8116
3049
8379
339
6546
8853
8313
0
98
3143
7699
4107
5396
2107
2591
3964
3926
1848
9935
637
9306
22
8393
7457
5874
4276
2264
9863
9024
7635
5723
5721
2957
413
8167
5366
3240
517
8501
6409
4442
3470
3257
1514
1519
9865
8245
7774
5886
3682
2541
9823
6357
4674
2771
1524
8546
6254
4751
785
8559
5391
2422
9740
7349
4918
2230
8549
6206
2810
8739
5649
2581
9255
6499
2533
9573
6162
3758
2046
8117
4896
1109
7721
4456
3558
1325
8341
6686
3726
2108
212
1371
509
9473
7695
8215
6462
6053
8324
3160
8713
387
6901
8979
8621
0
98
3204
7959
4160
5498
2155
2710
4022
4044
1880
168
652
9314
98
8400
7711
5910
4294
2298
9897
9171
7821
5863
5781
3033
485
8325
5477
3281
524
8563
6492
4496
3529
3271
1612
1634
9896
8312
7801
5896
3715
2561
9910
6411
4763
2812
1532
8662
6331
5099
909
8807
5415
2428
9763
7371
5306
2271
8595
6247
2892
8752
5860
2718
9310
6555
2722
9805
6178
3892
2119
8118
4983
1307
7767
4544
3630
1342
8415
6717
3809
2172
409
1545
639
9482
7907
8281
6581
6088
8337
3213
8833
672
7521
9279
9094
0
98
3379
9028
4533
5730
2167
2741
4183
4385
1884
435
743
9420
166
8452
7750
6060
4347
2484
9900
9181
7839
6168
5918
3366
542
8380
5512
3332
674
8627
6503
4581
3547
3307
1704
1657
9990
8411
7915
5903
3934
2583
68
6419
4827
2921
1562
8826
6404
5149
1279
8940
5419
2465
9824
7402
5319
2303
8632
6391
3051
8769
5885
2772
9417
6652
2745
9835
6233
3997
2316
8124
5041
1390
7865
4555
3695
1378
8567
6821
3828
2257
452
1581
723
9595
7990
8304
6774
6095
8357
3223
8834
698
7634
9585
9978
0
98
3602
9514
4910
5748
2220
2781
4208
4429
1985
486
1066
9598
371
8562
7830
6231
4436
2545
9957
9296
7894
6257
5936
3412
646
8581
5555
3350
733
8654
6512
4619
3565
3414
1761
1714
70
8580
7932
6037
4152
2730
190
6423
4837
2960
1593
8871
6477
5157
1324
9047
5436
2483
9853
7434
5329
2451
8633
6496
3187
8843
5940
2829
9439
6803
2755
90
6326
4079
2342
8136
5257
1434
7921
4714
3783
1381
8572
6870
3877
2361
529
1605
830
9622
8097
8334
6906
6112
8358
3493
8984
768
8388
9768
316
0
98
3916
9601
4968
6129
2324
2982
4649
4559
2224
703
1111
9675
483
8672
7968
6236
4665
2622
170
9820
7899
6268
5986
3466
737
8699
5582
3619
821
8719
6669
4706
3597
3496
1802
1859
279
8611
8002
6216
4222
2814
201
6428
4912
2974
1616
8893
6514
5187
1406
9115
5439
2491
9885
7439
5352
2485
8638
6575
3199
8861
6138
2927
9551
6856
2802
221
6463
4240
2348
8203
5304
1544
7927
4875
3811
1393
8589
6895
3920
2367
545
1636
833
9629
9229
8425
6972
6251
8408
3644
9111
808
8547
9948
2006
0
98
4587
9663
5202
6255
2520
3348
4678
4579
2311
726
1181
9680
611
8716
8194
6299
4712
2693
341
9905
7930
6384
6006
3611
828
8881
5633
3641
864
8749
6698
4905
4016
3637
2094
1932
404
8647
8055
6265
4382
2867
299
6483
4951
3152
1637
8980
6531
5235
1411
9123
5446
2659
9952
7485
5386
2546
8695
6688
3219
8948
6197
2983
9587
6913
2827
230
6467
4459
2444
8222
5364
1578
8051
4931
3823
1408
8622
6897
4103
2537
572
1664
906
9762
9262
8435
7106
6272
8428
3741
9177
823
8794
446
2879
0
98
4732
9697
5448
6426
2521
3349
4780
4911
2453
759
1322
9748
713
8792
8196
6337
4738
2959
431
12
8030
6403
6134
3620
848
8902
5667
3714
908
8903
6716
4943
4329
3704
2111
1944
522
8670
8075
6297
4427
3028
317
6560
4977
3336
1674
9046
6545
5236
1482
9136
5581
2670
39
7533
5482
2604
8835
6812
3224
9230
6205
3085
9656
7174
2843
244
6540
4497
2463
8309
5465
1587
8058
4971
3925
1415
8701
6952
4257
2674
717
1766
925
9895
9483
8516
7132
6437
8451
3747
9190
861
9553
585
3848
0
98
5028
9767
5769
6526
2529
3352
4803
4978
2528
777
1365
9980
745
8803
8232
6353
4832
3027
460
365
8038
6459
6224
3693
853
9083
5755
3756
914
9062
6954
5061
4500
3869
2283
2110
591
8758
8108
6315
4430
3054
321
6609
5008
3409
1744
9193
6704
5286
1510
9341
5683
2815
96
7826
5652
2650
8923
6893
3293
9250
6222
3110
9664
7178
2863
372
6683
4534
2474
8406
5470
1697
8081
4997
3979
1423
8859
6973
4282
2895
991
1785
1041
80
9625
8629
7167
6487
8536
3975
9205
881
9802
807
4167
0
98
6912
9868
5830
6757
2995
3430
4851
5147
2611
778
1539
9999
780
8913
8265
6360
4849
3039
596
424
8144
6641
6246
3918
976
9266
5811
3898
915
9139
6958
5136
4552
3872
2517
2131
841
8832
8249
6352
4434
3123
375
6779
5029
3471
1745
9197
6843
5312
1549
9367
6061
2835
113
7896
5718
2703
8950
6989
3394
9365
6301
3268
9679
7240
2873
427
6740
4586
2515
8424
5539
1758
8223
5161
4089
1610
9060
7048
4314
2920
1003
1821
1087
234
9694
8663
7214
6520
8548
3981
9349
1009
45
939
4723
0
98
6925
9966
6031
6949
3009
3721
5086
5153
2821
871
1608
463
835
9107
8298
6427
4853
3091
685
492
8154
6739
6446
3932
1061
9381
5813
4049
928
9299
7022
5168
4577
3941
2609
2319
870
8877
8262
6551
4530
3136
395
6799
5045
3625
1828
9247
6919
5349
1864
9541
6102
2836
130
7945
5851
2734
8977
6992
3413
9406
6323
3311
9746
7342
2887
443
6786
4640
2637
8441
5689
1771
8224
5307
4155
1620
9066
7289
4316
3059
1007
1991
1182
308
14
8665
7251
6541
8614
4092
9407
1043
265
1673
5026
0
98
6959
94
6285
7081
3030
3808
5087
5204
2956
876
1788
505
1002
9211
8364
6476
4866
3185
804
566
8168
6793
6449
3935
1112
9418
5983
4101
963
9389
7135
5243
4599
3969
2716
2493
887
8917
8318
6884
4573
3162
481
6814
5159
3667
1832
9263
7057
5372
2014
9550
6124
2955
207
8033
5876
2738
9106
7013
3438
9530
6370
3316
9960
7348
2917
588
6807
4643
2846
8456
5702
1787
8248
5406
4191
1681
9186
7419
4406
3089
1189
2044
1248
366
129
8867
7253
6579
8626
4325
9752
1123
333
2697
5079
0
98
7259
227
6517
7180
3149
3827
5259
5265
2993
936
1898
565
1149
9288
8413
6611
5270
3206
819
601
8197
6859
6771
3983
1186
9569
6042
4236
985
9431
7154
5315
4684
4027
2723
2603
920
9120
8569
6947
4582
3241
648
6910
5198
3751
1862
9327
7100
5418
2097
9623
6213
3004
353
8060
5967
2849
9223
7078
3442
9543
6676
3358
9988
7362
2933
618
6827
4667
2924
8541
5756
1816
8321
5438
4245
1776
9236
7449
4458
3153
1315
2098
1422
382
162
9149
7287
6675
8957
4349
9757
1196
704
4211
5620
0
98
7834
237
6832
7219
3175
4020
5297
5345
3098
1178
1913
599
1155
9536
8421
6662
5302
3221
929
690
8310
6917
6789
3992
1251
9611
6165
4256
1031
9603
7327
5481
4740
4053
2811
2727
948
9308
8619
6962
4637
3343
771
7095
5237
3891
1975
9336
7235
5522
2150
9639
6300
3008
511
8125
6156
2946
9301
7116
3443
9544
6678
3423
13
7406
3040
781
6869
4682
2943
8557
5779
1894
8359
5485
4441
1811
9249
7460
4494
3172
1556
2341
1477
412
231
9333
7496
6851
8963
4379
384
1247
813
4789
5949
0
98
8063
310
6839
7309
3182
4110
5647
5422
3129
1432
1939
670
1308
9765
8423
6728
5389
3253
1115
752
8315
7324
6815
4034
1259
9644
6281
4262
1320
9662
7413
5565
5167
4161
3063
2847
981
9331
8634
7127
4782
3483
775
7126
5239
3950
2151
9342
7655
5605
2284
9672
6344
3075
573
8184
6435
3019
9478
7125
3449
9731
6765
3441
117
7472
3263
822
7029
4835
2953
8623
5820
2042
8513
5490
4473
1879
9281
7536
4753
3321
1727
2388
1583
634
254
9387
7522
6867
9072
4400
421
1462
2106
7068
6127
0
98
8395
448
7008
7424
3390
4272
6264
5447
3167
1493
2029
856
1375
9911
8495
6820
5468
3328
1163
786
8554
7524
6957
4076
1281
9756
6291
4334
1466
9770
7455
5617
5362
4202
3138
2936
999
9440
8653
7271
4800
3552
885
7186
5250
3986
2160
9437
7716
5611
2296
9794
6382
3084
595
8211
6593
3041
9484
7171
3492
9745
6783
3537
139
7484
3317
842
7114
4836
2968
8644
5854
2218
8552
5548
4515
1921
9436
7619
4757
3337
1753
2457
1799
845
263
9515
7552
6899
9380
4545
587
1786
2169
7099
6618
0
98
8399
635
7026
7429
3687
4288
6367
5637
3273
1561
2138
966
1534
9985
8576
7001
5550
3361
1374
847
8691
7546
7061
4232
1323
9890
6349
4355
1485
9926
7554
5726
5552
4244
3308
3197
1114
9469
8709
7376
4914
3568
907
7314
5365
4059
2240
9571
7756
5697
2322
9811
6509
3191
657
8231
6603
3047
9528
7189
3563
9801
6785
3548
183
7505
3393
868
7131
5055
3003
8657
6071
2222
8639
5805
4561
1941
9490
7654
4774
3613
1808
2557
1805
867
426
9561
7557
7009
9382
4731
758
1815
2468
7166
6798
0
98
8661
969
7224
7433
3763
4345
6534
5704
3322
1577
2143
1025
1541
102
8584
7128
5556
3411
1388
921
8760
7596
7130
4255
1530
9933
6363
4420
1589
9974
7727
5794
5815
4319
3341
3214
1206
9609
8784
7448
5122
3610
968
7368
5469
4114
2427
9602
7794
5705
2408
9845
6524
3417
676
8332
6880
3176
9555
7209
3664
9836
6822
3554
206
7509
3436
926
7146
5206
3038
8667
6074
2282
8643
5958
4662
2077
9641
7765
4887
3643
1899
2688
2008
889
527
9589
7835
7175
9855
4847
862
2076
3280
7638
6903
0
98
8786
1015
7262
7681
4182
4451
6923
5710
3327
1606
2183
1139
1708
104
8605
7188
5575
3415
1463
934
8767
7616
7298
4303
1533
9
6385
4462
1603
9977
7751
5798
5899
4348
3504
3286
1219
9628
8945
7525
5288
3636
1070
7390
5480
4122
2519
9691
7858
5827
2547
9886
6577
3570
719
8374
6887
3299
9650
7236
3678
9870
6846
3589
302
7515
3495
938
7218
5413
3045
8822
6142
2292
8705
5962
4797
2146
9775
7829
4960
3700
1960
2748
2060
893
1011
75
8086
7215
47
4930
873
2242
3617
7713
7572
0
98
8789
1097
7506
7728
4217
4756
6943
5731
3369
1728
2192
1147
1865
171
8640
7246
5589
3518
1891
951
8783
7645
7403
4342
1585
105
6433
4470
1683
132
7999
5800
5975
4398
3691
3517
1329
67
8972
7545
5410
3711
1094
7391
5533
4671
2535
9702
8023
5856
2556
9959
6610
3621
750
8668
6945
3314
9707
7296
3689
9941
6920
3646
405
7551
3546
1272
7474
5416
3083
8924
6170
2308
8736
6026
5052
2190
9814
7885
5014
3744
2070
2826
2112
964
1039
380
8149
7261
215
4975
1285
2735
4252
8253
7692
0
98
9537
1129
7816
7779
4225
4870
7006
5733
3377
1992
2294
1369
1868
196
8697
7344
5821
3564
2091
990
8966
7679
7431
4457
1619
149
6478
4508
1822
357
8005
5819
6039
4540
3791
3694
1380
222
9050
7570
5571
3770
1161
7396
5563
4730
2558
9727
8043
5872
2859
9998
6731
3655
761
8700
6991
3382
9714
7354
3702
5
6940
3656
488
7553
3626
1274
7478
5417
3142
8942
6237
2310
8775
6097
5064
2275
9862
7912
5034
3765
2082
2853
2148
1103
1124
513
8177
7279
236
5032
1472
3164
4396
8706
9099
0
98
9956
1458
8277
8015
4280
4947
7096
5796
3526
2007
2629
1502
1934
271
8723
7487
5840
3686
2104
1082
9134
7720
7466
4514
1775
334
6570
4527
1896
401
8010
5911
6169
4558
3814
3697
1461
277
9070
7669
5594
3776
1318
7437
5754
4868
2620
9901
8160
6043
2878
66
6775
3710
903
8785
7030
3398
9778
7388
3709
63
6956
3661
504
7661
3649
1382
7531
5549
3155
8986
6375
2387
8821
6136
5089
2500
9889
7961
5228
3768
2344
2912
2313
1136
1154
536
8208
7438
259
5082
2333
3333
4482
8864
9879
0
98
540
1582
8468
8174
4331
4969
7101
5853
3543
2056
2651
1555
1989
287
8771
7492
5879
3995
2295
1153
9220
7747
7593
4560
1807
518
6722
4628
1911
436
8013
6027
6318
4623
4065
3793
1547
336
9216
7735
5629
3785
1370
7620
5758
4917
2653
40
8328
6055
2975
83
6830
3794
992
8818
7123
3401
9993
7436
3788
84
6970
3833
563
7798
3743
1471
7568
5551
3261
9121
6381
2392
8935
6145
5121
2539
6
7981
5269
3784
2615
2945
2321
1205
1183
552
8261
7479
523
5140
2382
3612
4513
8952
960
0
98
850
1627
8585
8555
4351
5180
7254
5894
3635
2191
2687
1596
2053
546
8815
7676
5966
4057
2331
1220
9246
7805
7594
4568
1812
812
6811
4795
1998
468
8071
6045
6376
4677
4097
3845
1576
464
9318
7785
5660
3817
1398
7646
5833
4957
2678
81
8394
6240
3006
122
6980
3931
1023
8925
7162
3425
65
7674
3825
100
6976
3945
598
7815
3775
1609
7580
5624
3279
9155
6408
2403
8955
6226
5188
2616
71
7996
5278
3849
2833
3106
2359
1357
1230
568
8486
7513
528
5331
2383
3886
4600
9419
1844
0
98
949
1823
8732
8594
4509
5322
7535
5942
3639
2236
2789
1768
2208
643
8850
7985
6067
4063
2472
1256
9373
7869
7605
4625
1860
931
6881
4872
2083
516
8119
6098
6383
4696
4118
4008
1611
471
9438
7891
5785
3821
1456
7719
5888
5173
2686
142
8599
6269
3081
123
7003
3947
1027
8983
7216
3583
269
7743
3842
124
6990
3955
651
7925
3782
1677
7583
5686
3294
9202
6600
2448
9056
6387
5241
2617
112
8024
5411
3863
2841
3158
2402
1377
1309
632
8659
7633
686
5538
3627
4378
4611
9815
3510
0
98
1560
2601
9035
8702
4590
5464
7603
6014
3679
2374
2890
2009
2209
687
9075
8014
6082
4077
2571
1277
9375
7954
7642
4658
2049
984
7002
4908
2101
638
8134
6173
6508
4734
4423
4012
1639
548
9442
7947
5797
3962
1460
7752
6038
5203
2717
241
8703
6298
3227
417
7046
4021
1107
9052
7373
3634
349
7769
3887
154
7049
3974
697
7973
3976
1759
7606
5690
3309
9209
6674
2567
9144
6418
5320
2668
116
8028
5450
3897
2915
3249
2507
1679
1710
665
8820
7849
727
5561
3671
4746
4718
368
4469
0
98
2837
2640
9196
9188
4754
5577
7700
6139
3683
2389
2896
2069
2228
721
9112
8173
6096
4143
2694
1286
9415
8052
7648
4783
2081
1088
7059
4927
2149
912
8386
6256
6589
4807
4471
4175
1701
589
9489
7956
5835
4047
1486
7790
6058
5212
2739
315
8814
6400
3233
649
7087
4082
1288
9054
7404
3713
691
7811
4014
262
7053
4028
699
8113
3978
1793
7714
5751
3363
9210
6679
2610
9185
6431
5341
2794
298
8065
5580
4141
2942
3344
2655
1694
1772
667
8870
7911
1570
5843
4080
5622
5716
514
4819
0
98
2914
2695
9461
9214
4862
5706
7710
6225
3733
2560
3073
2099
2349
744
9180
8450
6103
4216
2778
1321
9494
8202
7723
4838
2114
1151
7110
5225
2187
1000
8392
6284
6791
5016
4525
4195
1715
794
9610
8172
5837
4109
1490
7836
6080
5249
2906
331
8846
6417
3303
662
7109
4309
1401
9063
7453
3742
724
7850
4121
338
7144
4094
805
8207
4035
1888
7786
5981
3395
9222
6727
2635
9240
6681
5510
2807
574
8073
5809
4171
2988
3416
2664
1804
1853
736
8932
8039
1739
5984
4305
5654
5866
1455
6439
0
98
3659
2725
9487
9343
4888
5720
7866
6339
3767
2579
3113
2496
2370
1173
9194
8590
6321
4466
2830
1327
9567
8243
7726
4861
2182
1217
7260
5254
2212
1016
8534
6619
6808
5039
4688
4201
1796
886
9619
8212
5838
4214
1595
8057
6086
5282
2954
362
8961
6438
3440
671
7163
4357
1402
9080
7601
3754
755
7871
4194
397
7275
4112
860
8289
4054
1917
7860
5997
3501
9434
6746
2690
9276
6729
5568
2834
614
8076
5836
4180
3035
3481
2785
2109
1873
740
8975
8233
1869
6148
4384
5909
5951
1730
7777
0
98
4081
3020
9772
9444
5109
5738
7946
6345
3899
2626
3148
2504
2494
1231
9298
8601
6359
4588
3005
1331
9577
8316
7744
4880
2223
1236
7277
5268
2381
1207
8573
6644
6997
5049
4716
4248
1806
896
9712
8256
5846
4227
1770
8089
6175
5321
2999
400
9244
6445
3453
725
7165
4421
1429
9189
7636
3895
801
7952
4267
453
7498
4116
866
8296
4083
2037
7900
6051
3520
9460
6838
2721
9468
6868
5574
2877
654
8221
5875
4292
3457
3753
2894
2399
1882
895
9032
8366
1876
6239
4388
6567
6105
2482
8027
0
98
4652
3798
9874
9658
5112
5891
8201
6355
3940
3108
3183
2625
2516
1276
9467
8609
6482
4620
3090
1361
9884
8349
7759
4922
2277
1249
7334
5298
2506
1360
8592
6915
7072
5051
4744
4290
1857
953
9804
8329
5889
4263
1774
8115
6259
5350
3018
550
9257
6604
3480
746
7208
4641
1618
9294
7718
4039
888
7989
4284
474
7501
4205
1067
8353
4115
2059
7972
6147
3596
9599
6862
2732
9596
6879
5576
3137
857
8471
5933
4308
3469
3807
3126
2413
1892
897
9110
8420
2147
6564
4389
6883
6586
3060
8059
0
98
6983
4000
9925
9854
5163
5906
8216
6501
4164
3150
3234
2691
2586
1435
9726
8656
6518
4745
3255
1476
9943
8373
7789
5059
2364
1273
7339
5402
2643
1427
8741
7258
7076
5060
4885
4337
1906
989
9876
8336
5954
4372
1841
8226
6309
5371
3102
716
9275
6637
3551
751
7290
4651
1709
9371
7739
4166
930
7995
4596
475
7599
4367
1095
8368
4127
2062
8094
6210
3623
9626
6966
2845
9684
6988
5625
3147
997
8474
5961
4315
3484
3822
3188
2488
2017
1010
9304
8502
2442
6650
4410
7227
6671
3451
9167
0
98
7169
4042
709
109
5273
6204
8240
6721
4188
3169
3251
2822
2660
1572
9751
8678
6612
4766
3418
1501
35
8556
7949
5111
2380
1313
7410
5424
2673
1430
8823
7301
7205
5215
4913
4383
1907
996
9944
8454
6016
4380
1870
8306
6325
5632
3196
800
9289
6649
3645
874
7488
4679
1746
9435
7749
4310
1100
8012
4768
480
7664
4381
1096
8430
4154
2121
8104
6212
3632
9877
6998
2857
9688
7080
5636
3209
1004
8476
5995
4498
3524
3873
3235
2577
2019
1030
9519
8655
2749
6891
4438
7325
6756
3482
818
0
98
7270
4805
1085
133
5280
6335
8241
6745
4287
3424
3334
3016
3013
1598
9796
8743
6614
4791
3464
1540
137
8651
8016
5260
2667
1438
7456
5544
2765
1515
9042
7307
7328
5292
5038
4403
2357
1050
9981
8641
6033
4418
1937
8457
6472
5842
3458
899
9395
6691
3692
910
7489
4765
1779
9445
7906
4340
1239
8064
4809
615
7825
4481
1104
8664
4258
2171
8166
6389
3727
9882
7067
2866
9689
7105
5642
3215
1133
8482
6049
4531
3666
4268
3248
2588
2020
1046
9631
8658
2783
6967
4727
7357
6907
3638
1191
0
98
8110
4900
1246
144
5519
6343
8348
6787
4336
3428
3339
3184
3046
1641
9828
8757
6751
4834
3567
1651
267
8831
8219
5272
2746
1453
7558
5623
2773
1614
9078
7469
7493
5308
5094
4572
2365
1131
53
8648
6347
4550
1955
8462
6505
6104
3598
900
9416
6700
3728
922
7547
4796
1798
9446
7924
4391
1296
8088
4956
944
7827
4499
1150
8839
4341
2272
8181
6394
3730
28
7157
2904
9984
7111
5680
3318
1240
8505
6057
4578
3792
4344
3331
2589
2033
1063
9735
8895
2804
7038
4750
7597
6993
3722
1817
0
98
8323
5138
1419
369
5547
6416
8360
6850
4510
3540
3454
3236
3065
1747
9829
8879
6784
4937
3786
1665
351
8967
8268
5376
2787
1483
7567
5703
3037
1630
9102
7510
7549
5361
5256
4618
2447
1258
165
8686
6388
4563
2001
8616
6594
6113
3618
942
9475
6743
3759
1001
7566
5054
1889
9581
7975
4491
1314
8157
4990
1037
7861
4557
1165
8919
4362
2407
8214
6413
3737
103
7464
2973
42
7148
5682
3360
1301
8577
6132
4617
3989
4593
3463
2619
2372
1113
9754
8949
3252
7139
4890
7689
7086
4064
2300
0
98
8731
5332
1426
555
5560
6468
8414
6853
4539
3778
3522
3256
3078
1756
9856
8981
6802
5020
4040
1675
495
9016
8484
5451
2831
1521
7595
5707
3044
1711
9124
7511
7573
5437
5423
4645
2523
1339
187
8836
6429
4567
2039
8746
6615
6115
3752
978
9480
6813
3800
1013
7709
5066
1954
9636
8054
4522
1347
8239
5043
1059
7922
4574
1260
9002
4374
2439
8274
6454
3760
127
7514
2997
82
7281
5799
3389
1332
8608
6149
4653
4023
4615
3586
2696
2400
1177
9806
8991
3289
7217
5095
7842
8062
4120
2740
0
98
8936
5343
1454
564
5645
6486
8434
7063
4630
3789
3562
3502
3100
1777
9878
9004
6855
5146
4078
1717
1108
9273
8519
5554
3021
1535
8092
5711
3275
1819
9166
7517
7590
5643
5463
4752
2543
1492
219
9036
6621
4570
2153
8837
6713
6181
3766
1057
9481
6876
3806
1049
7819
5106
2035
9739
8236
4523
1391
8263
5172
1068
8093
4701
1441
9051
4585
2478
8367
6464
3772
191
7561
3161
128
7355
5850
3439
1338
8755
6330
4735
4196
4743
3739
2702
2417
1317
9899
9037
3544
7220
5395
7876
8200
4433
4521
0
98
9455
6121
1543
626
5931
6490
8690
7156
4685
3954
3566
3698
3144
1969
9954
9077
6866
5155
4173
1847
1162
9344
8675
5557
3062
1626
8330
5732
3329
1890
9195
7578
7609
5669
5532
4769
2595
1688
459
9053
6677
4661
2157
8930
6737
6279
3815
1252
9535
7070
3880
1110
7873
5143
2125
9759
8251
4532
1420
8444
5262
1169
8162
4702
1488
9059
4726
2675
8610
6613
3982
320
7600
3198
180
7526
5870
3446
1348
8759
6364
4761
4465
4772
3968
2720
2527
1399
9918
9345
3903
7577
5650
7974
8339
4564
5208
0
98
9724
6163
1920
1662
6036
6516
8694
7267
4708
3967
3628
3757
3156
2120
9955
9130
6969
5171
4174
2013
1208
9454
8685
5600
3105
1740
8354
5893
3474
1979
9241
7687
7662
5771
5736
5001
2628
1723
606
9290
6694
4666
2232
8937
6772
6334
4030
1452
9718
7113
3923
1132
7992
5177
2126
9840
8269
4614
1437
8455
5266
1222
8187
4739
1573
9061
4778
2715
8828
6661
4157
385
7617
3217
226
7585
5968
3530
1413
8768
6390
4802
4501
4924
3991
2743
2565
1569
9936
9354
3953
7665
6029
8019
8365
4606
5232
0
98
9965
6488
2018
1670
6090
6547
8886
7347
4786
3993
3707
3930
3177
2163
9972
9138
7033
5246
4360
2045
1363
9728
8978
5648
3407
1833
8479
5922
3486
1982
9264
7740
7704
5823
5750
5027
2819
1762
608
9715
6696
4773
2315
9071
6898
6342
4085
1465
9786
7264
4003
1215
8085
5367
2152
9931
8292
4655
1464
8459
5324
1235
8230
4799
1580
9145
4792
2744
8897
6753
4206
458
7672
3245
246
7691
6011
3580
1553
8844
6401
5077
4512
4950
4075
2759
2645
1607
9950
9368
4266
7845
6273
8229
8504
5588
7263
0
98
253
6527
2074
1874
6201
6548
9109
7363
4801
4090
3771
4033
3315
2205
27
9159
7064
5309
4364
2259
1523
9917
9088
5676
3426
1893
8497
5959
3531
2025
9328
7799
7705
5865
5817
5091
2824
1765
613
9938
6707
4855
2317
9165
6932
6350
4111
1495
9813
7315
4009
1268
8107
5385
2199
9970
8294
4693
1632
8483
5337
1424
8370
4826
1629
9150
4811
2761
8920
6755
4210
498
7702
3456
309
7707
6221
3802
1625
8883
6461
5128
4562
5069
4390
2913
2793
1643
9987
9450
4279
7903
7632
8494
9049
5857
7548
0
98
343
6542
2436
1881
6223
6562
9198
7380
4824
4098
3894
4069
3357
2248
235
9248
7285
5494
4408
2613
1623
18
9116
5773
3497
1919
8527
6109
3542
2055
9363
7847
7715
5935
5969
5162
3034
1814
675
38
6930
4876
2548
9192
7045
6451
4130
1590
9860
7490
4051
1304
8131
5527
2249
10000
8361
4762
1648
8543
5390
1442
8410
4828
1644
9224
4865
2776
9033
6776
4647
739
7725
3503
311
7797
6286
3841
1720
8900
6511
5194
4984
5130
4583
2951
2842
1698
59
9549
4304
7979
8008
9101
9509
6523
7653
0
98
507
6720
2461
2393
6410
6566
9339
7387
4850
4415
3929
4093
3557
2285
240
9277
7358
5497
4490
2633
1690
26
9265
5950
3657
1953
8558
6258
3559
2352
9383
7872
7868
5972
6077
5214
3190
1838
735
77
7149
4949
2562
9232
7249
6493
4133
1597
9898
7538
4062
1536
8161
5724
2279
43
8387
4767
1719
8684
5459
1457
8438
5158
1646
9259
4902
2848
9090
6975
4700
788
7753
3592
330
7831
6327
3883
1830
8933
6549
5276
5261
5135
4654
2965
2865
1741
211
9582
4592
8148
8083
9142
9533
8730
7754
0
98
664
6858
2475
2570
6452
6605
9466
7416
4878
4733
3949
4125
3572
2412
393
9388
7592
5695
4622
2689
1781
54
9385
5980
3732
1970
8666
6294
3600
2396
9425
8132
7919
6028
6200
5455
3228
2231
784
202
7181
5098
2706
9432
7310
6692
4145
1680
9914
7812
4158
1613
8205
5890
2379
388
8419
4794
1945
8762
5491
1663
8606
5229
1647
9302
4936
2851
9168
7115
4737
865
7760
3615
441
7889
6506
3999
1962
9170
6595
5473
5305
5190
4793
3043
3001
1752
232
9642
4775
8375
8084
9347
9632
8847
8347
0
98
827
6982
2582
2634
6494
6792
9491
7432
4925
4839
4005
4131
3577
2443
434
9423
7703
5722
4664
2711
1885
93
9392
6009
3952
2016
8729
6332
3606
2510
9570
8235
7923
6085
6232
5488
3238
2420
791
248
7234
5226
2972
9521
7340
6693
4156
1818
9963
7953
4273
1650
8258
5905
2395
415
8433
4804
2003
8953
5529
1669
8612
5325
1783
9397
5133
2903
9239
7168
4808
933
7784
3867
543
7971
6507
4168
2080
9173
6748
5503
5425
5420
4820
3121
3115
1839
245
9946
5573
8637
8326
9358
9849
8992
9084
0
98
837
7004
2704
2708
6495
6873
9834
7452
4940
4934
4181
4149
3746
2573
604
9476
7775
5802
4758
2777
2027
121
9422
6117
3985
2030
8845
6358
3660
2536
9777
8314
8061
6320
6296
5534
3312
2446
811
252
7282
5356
2977
9540
7622
6848
4192
1835
21
8009
4338
1655
8271
5907
2438
422
8496
4845
2071
9096
5614
1726
8617
5357
1901
9462
5222
2931
9280
7226
4830
986
7820
3868
748
7986
6515
4186
2100
9268
6835
5612
5493
5434
4992
3146
3202
1984
280
9961
5604
8805
8472
9370
60
8998
9128
0
98
1337
7134
2832
2986
6568
6942
169
7504
4962
5233
4580
4435
3773
2692
612
9522
7782
5921
4816
2780
2028
157
9451
6130
4070
2116
8851
6369
3804
2554
9779
8345
8072
6406
6430
5596
3487
2467
825
327
7317
5606
2998
9620
7696
6863
4199
1852
153
8133
4373
1716
8327
5948
2489
477
8715
4972
2175
9174
5621
1790
8692
5435
1903
9546
5279
2970
9516
7242
5018
1086
7844
3908
749
8048
6794
4215
2141
9270
6878
5644
5593
5713
5078
3151
3384
2103
314
224
5631
8829
8885
9404
283
9057
408
0
98
1538
7212
2961
3300
6572
7272
173
7621
5013
5370
4595
4472
3889
2779
692
9554
7870
5964
4928
2840
2102
361
9457
6219
4146
2185
8931
6474
3977
2569
9799
8404
8190
6654
6592
5659
3549
2728
849
364
7447
5745
3097
9669
7762
7011
4209
1871
290
8141
4404
1858
8391
6003
2508
602
8742
4998
2274
9221
5635
1794
8712
5655
1924
9706
5700
2971
9542
7346
5070
1130
7888
3909
792
8126
6833
4291
2234
9322
6904
5678
5681
5862
5176
3302
3387
2134
377
729
5714
9019
9012
9891
406
9929
2487
0
98
2036
7250
2980
3498
6768
7618
176
7731
5035
5546
4864
4613
3902
2854
702
9717
7895
5970
4953
3114
2156
512
9523
6317
4242
2194
8982
6556
4013
2662
9875
8481
8266
6668
6764
5770
3729
2774
916
391
7640
5897
3313
9861
7780
7014
4296
2026
296
8163
4407
1863
8397
6019
2590
747
8773
5218
2429
9297
5639
1825
8825
5673
1925
9733
5892
3011
9565
7467
5108
1174
7902
3910
891
8129
6984
4312
2250
9502
7027
5869
5693
5881
5223
3353
3473
2140
570
769
5883
9152
9238
89
767
1877
4106
0
98
2270
7559
2992
3881
6805
7822
197
7733
5040
5566
4871
4675
3996
3071
763
9732
7905
5977
4967
3117
2196
603
9557
6346
4353
2237
9018
6706
4165
2891
4
8772
8429
6871
7142
5831
3738
2818
955
433
7818
5952
3347
9864
7840
7198
4333
2075
490
8178
4634
1927
8461
6023
2624
816
8778
5230
2434
9355
5772
1856
8855
5753
1977
9737
5927
3055
9638
7475
5110
1209
7931
3933
927
8209
7032
4359
2343
9592
7164
5973
5858
6017
5251
3354
3523
2197
642
869
6640
9512
9503
1144
970
2043
4904
0
98
2627
7916
3211
3896
7062
7958
220
7758
5132
5657
5036
4705
4100
3087
796
9742
8297
5999
4982
3208
2346
799
9774
6366
4478
2254
9067
6754
4207
3007
24
8777
8604
6985
7204
5924
3745
2889
1022
645
8179
6000
3364
9892
7898
7268
4366
2168
1052
8322
4689
2061
8466
6035
2803
917
8787
5299
2505
9377
5841
1887
8872
5760
2078
9781
6010
3057
9673
7582
5134
1210
7987
3946
961
8355
7069
4426
2398
9657
7369
6152
5953
6046
5258
3516
3588
2304
656
1012
6648
9614
9556
1241
1119
2180
7031
0
